TITLE;
DATA TYPE;INFRARED SPECTRUM
ORIGIN;JASCO
OWNER;
DATE;25/02/05
TIME;12:08:53
SPECTROMETER/DATA SYSTEM;
LOCALE;9226
RESOLUTION;
DELTAX;0,964233
XUNITS;1/CM
YUNITS;ABSORBANCE
FIRSTX;  399,1927
LASTX; 4000,6047
NPOINTS;    3736
FIRSTY;     0,27437
MAXY;     0,38119
MINY;     0,01411
XYDATA
399,1927;0,274367
400,1569;0,270941
401,1211;0,267966
402,0854;0,265672
403,0496;0,26403
404,0138;0,262974
404,9781;0,262452
405,9423;0,262383
406,9065;0,262612
407,8708;0,262911
408,8350;0,263069
409,7992;0,263013
410,7635;0,262865
411,7277;0,262896
412,6919;0,263355
413,6562;0,26432
414,6204;0,265677
415,5846;0,267188
416,5489;0,268558
417,5131;0,269475
418,4773;0,269749
419,4416;0,269524
420,4058;0,269182
421,3700;0,268964
422,3343;0,268866
423,2985;0,268819
424,2627;0,268818
425,2270;0,268935
426,1912;0,269245
427,1554;0,26974
428,1197;0,270299
429,0839;0,270742
430,0481;0,270926
431,0124;0,270815
431,9766;0,270492
432,9408;0,270084
433,9051;0,269678
434,8693;0,269256
435,8335;0,268736
436,7978;0,268052
437,7620;0,267232
438,7262;0,266399
439,6905;0,265706
440,6547;0,26527
441,6189;0,265121
442,5832;0,265184
443,5474;0,265309
444,5116;0,265345
445,4759;0,265207
446,4401;0,264887
447,4043;0,264411
448,3686;0,263798
449,3328;0,263058
450,2970;0,262207
451,2613;0,261302
452,2255;0,260435
453,1897;0,25971
454,1540;0,259203
455,1182;0,258945
456,0824;0,25892
457,0467;0,259059
458,0109;0,259255
458,9751;0,259383
459,9394;0,259346
460,9036;0,259099
461,8678;0,258639
462,8321;0,257997
463,7963;0,257234
464,7605;0,256444
465,7248;0,255731
466,6890;0,255171
467,6532;0,254784
468,6175;0,25454
469,5817;0,254388
470,5459;0,254295
471,5102;0,254259
472,4744;0,254308
473,4386;0,254478
474,4029;0,254783
475,3671;0,255212
476,3313;0,255731
477,2956;0,256291
478,2598;0,256836
479,2240;0,257316
480,1883;0,257701
481,1525;0,257988
482,1167;0,258194
483,0810;0,258342
484,0452;0,258462
485,0094;0,258591
485,9737;0,258775
486,9379;0,259063
487,9021;0,259473
488,8664;0,259983
489,8306;0,260518
490,7948;0,260976
491,7591;0,261275
492,7233;0,261399
493,6875;0,261419
494,6518;0,261458
495,6160;0,261624
496,5802;0,261967
497,5445;0,262464
498,5087;0,263035
499,4729;0,263583
500,4372;0,264033
501,4014;0,264363
502,3656;0,264613
503,3299;0,26486
504,2941;0,265164
505,2583;0,265548
506,2226;0,265996
507,1868;0,266483
508,1510;0,266999
509,1153;0,26755
510,0795;0,268139
511,0437;0,268744
512,0080;0,269329
512,9722;0,269858
513,9365;0,270331
514,9007;0,27079
515,8649;0,271298
516,8292;0,271896
517,7934;0,272556
518,7576;0,273181
519,7219;0,273658
520,6861;0,273923
521,6503;0,273985
522,6146;0,2739
523,5788;0,273743
524,5430;0,27358
525,5073;0,273459
526,4715;0,273397
527,4357;0,273378
528,4000;0,273374
529,3642;0,27335
530,3284;0,27328
531,2927;0,273145
532,2569;0,27293
533,2211;0,272624
534,1854;0,272226
535,1496;0,271757
536,1138;0,271264
537,0781;0,270809
538,0423;0,270455
539,0065;0,270241
539,9708;0,270176
540,9350;0,270241
541,8992;0,270406
542,8635;0,270643
543,8277;0,270936
544,7919;0,271275
545,7562;0,271653
546,7204;0,272061
547,6846;0,2725
548,6489;0,272972
549,6131;0,273492
550,5773;0,274076
551,5416;0,274737
552,5058;0,275481
553,4700;0,276296
554,4343;0,277137
555,3985;0,277921
556,3627;0,278527
557,3270;0,278825
558,2912;0,278708
559,2554;0,27813
560,2197;0,277121
561,1839;0,27578
562,1481;0,27425
563,1124;0,272683
564,0766;0,271206
565,0408;0,2699
566,0051;0,268796
566,9693;0,267886
567,9335;0,267136
568,8978;0,266503
569,8620;0,265953
570,8262;0,26547
571,7905;0,265051
572,7547;0,264704
573,7189;0,264426
574,6832;0,2642
575,6474;0,263989
576,6116;0,263759
577,5759;0,263493
578,5401;0,263206
579,5043;0,262933
580,4686;0,262708
581,4328;0,262547
582,3970;0,262449
583,3613;0,262405
584,3255;0,262413
585,2897;0,262483
586,2540;0,262614
587,2182;0,262779
588,1824;0,262925
589,1467;0,262988
590,1109;0,262928
591,0751;0,262744
592,0394;0,26247
593,0036;0,262143
593,9678;0,261774
594,9321;0,261347
595,8963;0,260836
596,8605;0,260237
597,8248;0,259579
598,7890;0,258908
599,7532;0,258269
600,7175;0,25768
601,6817;0,257136
602,6459;0,256621
603,6102;0,256117
604,5744;0,255608
605,5386;0,255066
606,5029;0,254448
607,4671;0,253711
608,4313;0,252827
609,3956;0,251804
610,3598;0,250687
611,3240;0,24953
612,2883;0,248379
613,2525;0,247253
614,2167;0,246147
615,1810;0,245043
616,1452;0,243916
617,1094;0,242742
618,0737;0,241487
619,0379;0,240115
620,0021;0,238599
620,9664;0,236944
621,9306;0,235199
622,8948;0,23346
623,8591;0,231845
624,8233;0,230468
625,7875;0,229345
626,7518;0,22843
627,7160;0,227613
628,6802;0,226781
629,6445;0,225858
630,6087;0,224831
631,5729;0,223743
632,5372;0,222664
633,5014;0,221661
634,4656;0,220767
635,4299;0,219976
636,3941;0,219251
637,3583;0,218541
638,3226;0,217811
639,2868;0,217046
640,2510;0,216257
641,2153;0,215467
642,1795;0,214694
643,1437;0,213947
644,1080;0,213222
645,0722;0,212511
646,0364;0,211811
647,0007;0,211129
647,9649;0,210482
648,9291;0,209896
649,8934;0,209405
650,8576;0,209033
651,8218;0,208788
652,7861;0,20866
653,7503;0,208624
654,7145;0,208656
655,6788;0,20875
656,6430;0,208911
657,6072;0,209136
658,5715;0,20938
659,5357;0,209556
660,4999;0,209571
661,4642;0,2094
662,4284;0,209128
663,3926;0,208896
664,3569;0,208804
665,3211;0,208804
666,2853;0,208619
667,2496;0,207767
668,2138;0,205927
669,1780;0,203441
670,1423;0,200968
671,1065;0,198766
672,0707;0,196728
673,0350;0,19467
673,9992;0,192463
674,9634;0,190096
675,9277;0,187679
676,8919;0,18537
677,8561;0,183257
678,8204;0,181329
679,7846;0,179538
680,7488;0,177871
681,7131;0,176356
682,6773;0,175026
683,6415;0,173885
684,6058;0,17291
685,5700;0,172076
686,5342;0,171363
687,4985;0,170752
688,4627;0,170212
689,4269;0,169703
690,3912;0,16919
691,3554;0,168657
692,3196;0,168117
693,2839;0,167594
694,2481;0,167113
695,2123;0,166682
696,1766;0,166286
697,1408;0,165892
698,1050;0,165456
699,0693;0,164949
700,0335;0,16437
700,9977;0,163747
701,9620;0,163125
702,9262;0,162537
703,8904;0,161992
704,8547;0,161461
705,8189;0,160901
706,7831;0,160278
707,7474;0,159589
708,7116;0,158857
709,6758;0,158116
710,6401;0,157389
711,6043;0,156679
712,5685;0,15598
713,5328;0,15528
714,4970;0,154577
715,4612;0,154083
716,4255;0,153316
717,3897;0,152497
718,3539;0,151614
719,3182;0,150671
720,2824;0,149692
721,2466;0,148708
722,2109;0,147734
723,1751;0,146762
724,1393;0,145773
725,1036;0,144752
726,0678;0,143712
727,0320;0,142687
727,9963;0,141712
728,9605;0,140804
729,9247;0,139949
730,8890;0,139116
731,8532;0,138275
732,8174;0,13742
733,7817;0,136567
734,7459;0,135747
735,7101;0,134988
736,6744;0,134302
737,6386;0,133686
738,6028;0,133121
739,5671;0,132582
740,5313;0,132044
741,4955;0,13149
742,4598;0,130909
743,4240;0,130299
744,3882;0,129664
745,3525;0,129008
746,3167;0,128334
747,2809;0,127646
748,2452;0,126948
749,2094;0,126241
750,1736;0,125527
751,1379;0,124812
752,1021;0,124102
753,0663;0,123409
754,0306;0,122743
754,9948;0,122107
755,9590;0,121499
756,9233;0,120906
757,8875;0,120315
758,8517;0,119718
759,8160;0,119113
760,7802;0,118513
761,7444;0,117932
762,7087;0,117384
763,6729;0,116875
764,6371;0,116398
765,6014;0,115938
766,5656;0,115482
767,5298;0,115021
768,4941;0,114555
769,4583;0,114091
770,4225;0,113639
771,3868;0,113202
772,3510;0,112776
773,3152;0,112353
774,2795;0,111927
775,2437;0,111493
776,2079;0,111052
777,1722;0,110614
778,1364;0,110187
779,1006;0,109779
780,0649;0,109385
781,0291;0,108993
781,9933;0,108586
782,9576;0,10815
783,9218;0,107685
784,8860;0,107206
785,8503;0,106736
786,8145;0,106296
787,7787;0,105897
788,7430;0,105538
789,7072;0,105211
790,6714;0,104908
791,6357;0,104623
792,5999;0,104356
793,5641;0,104106
794,5284;0,103871
795,4926;0,103649
796,4568;0,103434
797,4211;0,103222
798,3853;0,103007
799,3495;0,102787
800,3138;0,10256
801,2780;0,102325
802,2422;0,102082
803,2065;0,101834
804,1707;0,101585
805,1349;0,101339
806,0992;0,101104
807,0634;0,100885
808,0276;0,100683
808,9919;0,100496
809,9561;0,100314
810,9203;0,100126
811,8846;0,0999242
812,8488;0,0997059
813,8130;0,0994721
814,7773;0,0992243
815,7415;0,0989617
816,7057;0,0986807
817,6700;0,0983791
818,6342;0,098061
819,5984;0,0977387
820,5627;0,0974308
821,5269;0,0971547
822,4911;0,0969194
823,4554;0,0967212
824,4196;0,0965455
825,3839;0,0963722
826,3481;0,0961837
827,3123;0,0959707
828,2766;0,0957347
829,2408;0,0954849
830,2050;0,0952338
831,1693;0,0949908
832,1335;0,094758
833,0977;0,0945286
834,0620;0,0942888
835,0262;0,0940219
835,9904;0,0937152
836,9547;0,0933648
837,9189;0,0929781
838,8831;0,0925723
839,8474;0,0921686
840,8116;0,0917861
841,7758;0,091438
842,7401;0,0911303
843,7043;0,0908644
844,6685;0,0906388
845,6328;0,0904503
846,5970;0,0902931
847,5612;0,0901592
848,5255;0,0900391
849,4897;0,0899246
850,4539;0,0898105
851,4182;0,0896948
852,3824;0,0895778
853,3466;0,0894618
854,3109;0,0893516
855,2751;0,0892555
856,2393;0,0891843
857,2036;0,0891477
858,1678;0,0891505
859,1320;0,0891906
860,0963;0,0892605
861,0605;0,0893528
862,0247;0,0894642
862,9890;0,0895978
863,9532;0,0897612
864,9174;0,0899626
865,8817;0,0902073
866,8459;0,0904949
867,8101;0,090819
868,7744;0,0911681
869,7386;0,091528
870,7028;0,0918842
871,6671;0,0922239
872,6313;0,0925373
873,5955;0,0928167
874,5598;0,0930575
875,5240;0,0932599
876,4882;0,093433
877,4525;0,0935976
878,4167;0,0937848
879,3809;0,0940301
880,3452;0,0943646
881,3094;0,094809
882,2736;0,095372
883,2379;0,0960554
884,2021;0,0968596
885,1663;0,0977872
886,1306;0,098842
887,0948;0,100024
888,0590;0,101324
889,0233;0,10272
889,9875;0,104178
890,9517;0,105654
891,9160;0,107095
892,8802;0,108448
893,8444;0,109657
894,8087;0,11067
895,7729;0,111435
896,7371;0,111913
897,7014;0,11207
898,6656;0,111893
899,6298;0,111388
900,5941;0,110583
901,5583;0,109529
902,5225;0,108296
903,4868;0,106964
904,4510;0,105613
905,4152;0,10431
906,3795;0,103105
907,3437;0,102027
908,3079;0,101088
909,2722;0,100291
910,2364;0,0996358
911,2007;0,0991191
912,1649;0,0987348
913,1292;0,0984713
914,0934;0,0983125
915,0576;0,0982429
916,0219;0,0982514
916,9861;0,0983337
917,9503;0,0984885
918,9146;0,0987128
919,8788;0,098998
920,8430;0,0993305
921,8073;0,0996962
922,7715;0,100084
923,7357;0,100487
924,7000;0,100902
925,6642;0,101326
926,6284;0,101754
927,5927;0,102184
928,5569;0,102616
929,5211;0,103052
930,4854;0,103498
931,4496;0,103964
932,4138;0,104461
933,3781;0,105003
934,3423;0,105599
935,3065;0,106253
936,2708;0,106962
937,2350;0,107722
938,1992;0,108535
939,1635;0,109409
940,1277;0,110364
941,0919;0,111422
942,0562;0,112596
943,0204;0,113885
943,9846;0,115282
944,9489;0,116774
945,9131;0,11836
946,8773;0,120044
947,8416;0,121835
948,8058;0,12374
949,7700;0,125753
950,7343;0,127866
951,6985;0,130072
952,6627;0,13237
953,6270;0,13477
954,5912;0,137284
955,5554;0,139922
956,5197;0,14268
957,4839;0,14554
958,4481;0,148473
959,4124;0,15144
960,3766;0,154405
961,3408;0,157341
962,3051;0,160235
963,2693;0,163091
964,2335;0,165926
965,1978;0,168767
966,1620;0,171643
967,1262;0,17458
968,0905;0,177603
969,0547;0,180738
970,0189;0,184016
970,9832;0,187477
971,9474;0,191168
972,9116;0,195135
973,8759;0,199419
974,8401;0,204044
975,8043;0,20902
976,7686;0,214335
977,7328;0,219963
978,6970;0,22585
979,6613;0,231917
980,6255;0,238047
981,5897;0,244089
982,5540;0,249874
983,5182;0,255243
984,4824;0,260079
985,4467;0,264336
986,4109;0,268038
987,3751;0,271266
988,3394;0,274119
989,3036;0,276683
990,2678;0,279011
991,2321;0,281124
992,1963;0,283032
993,1605;0,284751
994,1248;0,286321
995,0890;0,287798
996,0532;0,289245
997,0175;0,29071
997,9817;0,292219
998,9459;0,293783
999,9102;0,295405
1000,8744;0,297099
1001,8386;0,298888
1002,8029;0,300806
1003,7671;0,302891
1004,7313;0,305181
1005,6956;0,307717
1006,6598;0,310544
1007,6240;0,313705
1008,5883;0,317227
1009,5525;0,321105
1010,5167;0,325296
1011,4810;0,32972
1012,4452;0,334275
1013,4094;0,338859
1014,3737;0,343377
1015,3379;0,347752
1016,3021;0,351914
1017,2664;0,355807
1018,2306;0,359387
1019,1948;0,362629
1020,1591;0,365533
1021,1233;0,368118
1022,0875;0,370416
1023,0518;0,372467
1024,0160;0,374306
1024,9802;0,375965
1025,9445;0,377459
1026,9087;0,378782
1027,8729;0,379896
1028,8372;0,38073
1029,8014;0,381187
1030,7656;0,381155
1031,7299;0,380533
1032,6941;0,37925
1033,6583;0,377291
1034,6226;0,374709
1035,5868;0,371638
1036,5510;0,368271
1037,5153;0,364837
1038,4795;0,361561
1039,4437;0,358626
1040,4080;0,356149
1041,3722;0,354168
1042,3364;0,352649
1043,3007;0,351495
1044,2649;0,350564
1045,2291;0,349701
1046,1934;0,34876
1047,1576;0,347627
1048,1218;0,346236
1049,0861;0,344555
1050,0503;0,342574
1051,0145;0,340285
1051,9788;0,337678
1052,9430;0,334752
1053,9072;0,331522
1054,8715;0,32802
1055,8357;0,324272
1056,7999;0,320274
1057,7642;0,315985
1058,7284;0,311344
1059,6926;0,306311
1060,6569;0,300916
1061,6211;0,295271
1062,5853;0,289559
1063,5496;0,283982
1064,5138;0,278707
1065,4780;0,273834
1066,4423;0,269388
1067,4065;0,265336
1068,3707;0,261608
1069,3350;0,258129
1070,2992;0,254823
1071,2634;0,251628
1072,2277;0,248487
1073,1919;0,245354
1074,1561;0,242193
1075,1204;0,238983
1076,0846;0,235725
1077,0488;0,232451
1078,0131;0,229218
1078,9773;0,226103
1079,9415;0,223181
1080,9058;0,220514
1081,8700;0,218135
1082,8342;0,216051
1083,7985;0,214245
1084,7627;0,212687
1085,7269;0,211339
1086,6912;0,210162
1087,6554;0,209121
1088,6196;0,208192
1089,5839;0,207365
1090,5481;0,206646
1091,5123;0,20605
1092,4766;0,205587
1093,4408;0,205259
1094,4050;0,20505
1095,3693;0,204935
1096,3335;0,204888
1097,2977;0,204886
1098,2620;0,204915
1099,2262;0,204964
1100,1904;0,205017
1101,1547;0,205049
1102,1189;0,205026
1103,0831;0,204903
1104,0474;0,204639
1105,0116;0,204206
1105,9758;0,203594
1106,9401;0,202811
1107,9043;0,201868
1108,8685;0,200767
1109,8328;0,19949
1110,7970;0,198001
1111,7612;0,196266
1112,7255;0,194281
1113,6897;0,19209
1114,6539;0,189783
1115,6182;0,187477
1116,5824;0,185278
1117,5466;0,183253
1118,5109;0,181407
1119,4751;0,17969
1120,4393;0,178009
1121,4036;0,176254
1122,3678;0,174321
1123,3320;0,172131
1124,2963;0,16964
1125,2605;0,166846
1126,2247;0,163785
1127,1890;0,160518
1128,1532;0,157121
1129,1174;0,153668
1130,0817;0,150224
1131,0459;0,146843
1132,0101;0,143567
1132,9744;0,140439
1133,9386;0,137505
1134,9028;0,134817
1135,8671;0,132435
1136,8313;0,13041
1137,7955;0,128774
1138,7598;0,127535
1139,7240;0,126675
1140,6882;0,126158
1141,6525;0,12594
1142,6167;0,125978
1143,5809;0,126233
1144,5452;0,12667
1145,5094;0,127259
1146,4736;0,127978
1147,4379;0,128811
1148,4021;0,129752
1149,3663;0,130792
1150,3306;0,131914
1151,2948;0,133083
1152,2590;0,134248
1153,2233;0,135344
1154,1875;0,136304
1155,1517;0,137061
1156,1160;0,13755
1157,0802;0,137706
1158,0444;0,13746
1159,0087;0,136741
1159,9729;0,135482
1160,9371;0,133634
1161,9014;0,131174
1162,8656;0,12812
1163,8298;0,124537
1164,7941;0,120538
1165,7583;0,116269
1166,7225;0,111892
1167,6868;0,107561
1168,6510;0,103404
1169,6152;0,0995113
1170,5795;0,0959331
1171,5437;0,09269
1172,5079;0,0897829
1173,4722;0,0872022
1174,4364;0,0849323
1175,4006;0,0829528
1176,3649;0,0812398
1177,3291;0,0797675
1178,2933;0,0785113
1179,2576;0,0774489
1180,2218;0,0765598
1181,1860;0,0758232
1182,1503;0,075219
1183,1145;0,0747302
1184,0787;0,074348
1185,0430;0,0740737
1186,0072;0,0739174
1186,9714;0,0738929
1187,9357;0,0740119
1188,8999;0,0742803
1189,8641;0,0746981
1190,8284;0,0752616
1191,7926;0,0759644
1192,7568;0,0767978
1193,7211;0,0777506
1194,6853;0,0788076
1195,6495;0,0799503
1196,6138;0,0811567
1197,5780;0,0824022
1198,5422;0,083661
1199,5065;0,0849186
1200,4707;0,0861353
1201,4349;0,0873101
1202,3992;0,0884393
1203,3634;0,0895247
1204,3276;0,090571
1205,2919;0,091584
1206,2561;0,0925732
1207,2203;0,0935558
1208,1846;0,0945601
1209,1488;0,095624
1210,1130;0,0967882
1211,0773;0,0980853
1212,0415;0,0995294
1213,0057;0,101113
1213,9700;0,102809
1214,9342;0,104584
1215,8984;0,106402
1216,8627;0,108232
1217,8269;0,110053
1218,7911;0,111846
1219,7554;0,113597
1220,7196;0,115296
1221,6838;0,116934
1222,6481;0,118504
1223,6123;0,120001
1224,5765;0,121421
1225,5408;0,12276
1226,5050;0,124014
1227,4692;0,125182
1228,4335;0,126265
1229,3977;0,127261
1230,3619;0,128167
1231,3262;0,128976
1232,2904;0,129682
1233,2546;0,130284
1234,2189;0,130785
1235,1831;0,131195
1236,1473;0,131527
1237,1116;0,131793
1238,0758;0,131996
1239,0400;0,132135
1240,0043;0,132201
1240,9685;0,132183
1241,9327;0,132076
1242,8970;0,131875
1243,8612;0,131584
1244,8254;0,131206
1245,7897;0,130744
1246,7539;0,1302
1247,7181;0,129577
1248,6824;0,128883
1249,6466;0,12813
1250,6108;0,127336
1251,5751;0,126523
1252,5393;0,125707
1253,5035;0,1249
1254,4678;0,124102
1255,4320;0,123305
1256,3962;0,122492
1257,3605;0,121645
1258,3247;0,120752
1259,2889;0,119805
1260,2532;0,118807
1261,2174;0,11776
1262,1816;0,116662
1263,1459;0,115505
1264,1101;0,114279
1265,0743;0,112978
1266,0386;0,111603
1267,0028;0,110161
1267,9670;0,108663
1268,9313;0,107123
1269,8955;0,105555
1270,8597;0,103979
1271,8240;0,102411
1272,7882;0,100866
1273,7524;0,0993488
1274,7167;0,0978628
1275,6809;0,0964106
1276,6451;0,0950001
1277,6094;0,0936425
1278,5736;0,0923456
1279,5378;0,0911081
1280,5021;0,0899199
1281,4663;0,0887688
1282,4305;0,087649
1283,3948;0,086565
1284,3590;0,0855306
1285,3232;0,0845638
1286,2875;0,0836828
1287,2517;0,0829035
1288,2159;0,0822376
1289,1802;0,0816899
1290,1444;0,081257
1291,1086;0,0809277
1292,0729;0,0806898
1293,0371;0,0805363
1294,0013;0,08047
1294,9656;0,0805014
1295,9298;0,0806418
1296,8940;0,0808968
1297,8583;0,0812633
1298,8225;0,0817332
1299,7867;0,0822973
1300,7510;0,0829483
1301,7152;0,0836803
1302,6794;0,0844872
1303,6437;0,0853611
1304,6079;0,0862929
1305,5721;0,087273
1306,5364;0,0882913
1307,5006;0,0893378
1308,4648;0,0904034
1309,4291;0,0914793
1310,3933;0,0925557
1311,3575;0,0936169
1312,3218;0,094637
1313,2860;0,0955793
1314,2502;0,0964004
1315,2145;0,0970582
1316,1787;0,0975196
1317,1429;0,0977686
1318,1072;0,0978128
1319,0714;0,0976859
1320,0356;0,0974409
1320,9999;0,0971326
1321,9641;0,0968027
1322,9283;0,0964747
1323,8926;0,0961607
1324,8568;0,095869
1325,8210;0,095608
1326,7853;0,095383
1327,7495;0,0951897
1328,7137;0,0950116
1329,6780;0,0948228
1330,6422;0,0945969
1331,6064;0,0943151
1332,5707;0,0939696
1333,5349;0,0935589
1334,4991;0,0930767
1335,4634;0,0925041
1336,4276;0,091812
1337,3918;0,090982
1338,3561;0,0900372
1339,3203;0,0890579
1340,2845;0,0881513
1341,2488;0,0873924
1342,2130;0,0867929
1343,1772;0,0863207
1344,1415;0,0859357
1345,1057;0,0856162
1346,0699;0,0853668
1347,0342;0,0852126
1347,9984;0,0851861
1348,9626;0,085311
1349,9269;0,0855914
1350,8911;0,0860113
1351,8553;0,0865446
1352,8196;0,0871677
1353,7838;0,0878696
1354,7480;0,0886504
1355,7123;0,0895101
1356,6765;0,0904382
1357,6407;0,0914134
1358,6050;0,0924133
1359,5692;0,0934222
1360,5334;0,0944297
1361,4977;0,0954212
1362,4619;0,0963708
1363,4261;0,0972493
1364,3904;0,0980415
1365,3546;0,0987513
1366,3188;0,0993899
1367,2831;0,0999606
1368,2473;0,100452
1369,2115;0,100839
1370,1758;0,101089
1371,1400;0,101164
1372,1042;0,101024
1373,0685;0,100641
1374,0327;0,100025
1374,9969;0,099234
1375,9612;0,0983331
1376,9254;0,097341
1377,8896;0,0962156
1378,8539;0,0948976
1379,8181;0,093374
1380,7823;0,0917129
1381,7466;0,0900331
1382,7108;0,0884259
1383,6750;0,0868953
1384,6393;0,0853681
1385,6035;0,0837687
1386,5677;0,0821191
1387,5320;0,0805714
1388,4962;0,0793059
1389,4604;0,0783916
1390,4247;0,0777645
1391,3889;0,0773047
1392,3531;0,0769094
1393,3174;0,0765263
1394,2816;0,0761586
1395,2458;0,0758457
1396,2101;0,0756253
1397,1743;0,0755081
1398,1385;0,075483
1399,1028;0,0755367
1400,0670;0,0756613
1401,0313;0,0758492
1401,9955;0,0760904
1402,9597;0,0763781
1403,9240;0,0767163
1404,8882;0,0771212
1405,8524;0,0776093
1406,8167;0,0781829
1407,7809;0,0788306
1408,7451;0,0795413
1409,7094;0,0803157
1410,6736;0,0811616
1411,6378;0,0820784
1412,6021;0,0830459
1413,5663;0,0840312
1414,5305;0,0850049
1415,4948;0,0859491
1416,4590;0,0868504
1417,4232;0,0876883
1418,3875;0,0884295
1419,3517;0,089039
1420,3159;0,0894922
1421,2802;0,0897718
1422,2444;0,0898599
1423,2086;0,0897464
1424,1729;0,0894449
1425,1371;0,0889885
1426,1013;0,0883973
1427,0656;0,0876462
1428,0298;0,086679
1428,9940;0,0854776
1429,9583;0,0841315
1430,9225;0,0828127
1431,8867;0,0816523
1432,8510;0,0806401
1433,8152;0,0796338
1434,7794;0,0784547
1435,7437;0,077042
1436,7079;0,0755777
1437,6721;0,0743825
1438,6364;0,0736319
1439,6006;0,0732686
1440,5648;0,0731486
1441,5291;0,0731676
1442,4933;0,0732876
1443,4575;0,0735115
1444,4218;0,0738492
1445,3860;0,074294
1446,3502;0,0748192
1447,3145;0,0753883
1448,2787;0,0759693
1449,2429;0,0765421
1450,2072;0,0770982
1451,1714;0,0776327
1452,1356;0,0781329
1453,0999;0,0785642
1454,0641;0,078852
1455,0283;0,0788698
1455,9926;0,0785029
1456,9568;0,0778572
1457,9210;0,0773243
1458,8853;0,0771611
1459,8495;0,0772748
1460,8137;0,077453
1461,7780;0,0774977
1462,7422;0,0772153
1463,7064;0,0764379
1464,6707;0,0751462
1465,6349;0,0735615
1466,5991;0,0719896
1467,5634;0,0705658
1468,5276;0,0692003
1469,4918;0,0676682
1470,4561;0,0656972
1471,4203;0,0630875
1472,3845;0,0599409
1473,3488;0,0567842
1474,3130;0,0541861
1475,2772;0,0522791
1476,2415;0,0508568
1477,2057;0,0496967
1478,1699;0,0486799
1479,1342;0,0477657
1480,0984;0,0469494
1481,0626;0,0462422
1482,0269;0,0456642
1482,9911;0,0452344
1483,9553;0,0449538
1484,9196;0,0447942
1485,8838;0,0447052
1486,8480;0,0446374
1487,8123;0,0445858
1488,7765;0,0446255
1489,7407;0,0448651
1490,7050;0,0453352
1491,6692;0,0459732
1492,6334;0,0467071
1493,5977;0,0475042
1494,5619;0,0483696
1495,5261;0,0493323
1496,4904;0,050428
1497,4546;0,0516631
1498,4188;0,052982
1499,3831;0,0542937
1500,3473;0,0555312
1501,3115;0,0566645
1502,2758;0,0576768
1503,2400;0,0585359
1504,2042;0,0591666
1505,1685;0,0594212
1506,1327;0,0591261
1507,0969;0,0583415
1508,0612;0,0574823
1509,0254;0,056827
1509,9896;0,0563155
1510,9539;0,0558074
1511,9181;0,0551989
1512,8823;0,0544118
1513,8466;0,0533865
1514,8108;0,0521105
1515,7750;0,0506522
1516,7393;0,0491415
1517,7035;0,047684
1518,6677;0,0462892
1519,6320;0,044895
1520,5962;0,043475
1521,5604;0,0421214
1522,5247;0,0409901
1523,4889;0,0401648
1524,4531;0,0396136
1525,4174;0,0392563
1526,3816;0,0390357
1527,3458;0,0389329
1528,3101;0,0389396
1529,2743;0,039035
1530,2385;0,0391869
1531,2028;0,039373
1532,1670;0,0396033
1533,1312;0,0399207
1534,0955;0,0403583
1535,0597;0,0408981
1536,0239;0,0414781
1536,9882;0,042017
1537,9524;0,0424088
1538,9166;0,0425062
1539,8809;0,0421942
1540,8451;0,0416216
1541,8093;0,041181
1542,7736;0,0410391
1543,7378;0,0410807
1544,7020;0,0411841
1545,6663;0,0413082
1546,6305;0,041454
1547,5947;0,0416242
1548,5590;0,0418069
1549,5232;0,0419846
1550,4874;0,0421533
1551,4517;0,0423331
1552,4159;0,0425552
1553,3801;0,0428334
1554,3444;0,0431451
1555,3086;0,0434283
1556,2728;0,0435863
1557,2371;0,04353
1558,2013;0,0433367
1559,1655;0,04333
1560,1298;0,0436867
1561,0940;0,0442743
1562,0582;0,0449502
1563,0225;0,045657
1563,9867;0,046369
1564,9509;0,0470571
1565,9152;0,0476923
1566,8794;0,048273
1567,8436;0,0488521
1568,8079;0,0495187
1569,7721;0,0503194
1570,7363;0,051208
1571,7006;0,0520995
1572,6648;0,0529492
1573,6290;0,053779
1574,5933;0,0546667
1575,5575;0,0557049
1576,5217;0,0569161
1577,4860;0,0582098
1578,4502;0,0594839
1579,4144;0,0607235
1580,3787;0,061973
1581,3429;0,0632726
1582,3071;0,0646275
1583,2714;0,0660123
1584,2356;0,0673973
1585,1998;0,068772
1586,1641;0,0701417
1587,1283;0,071502
1588,0925;0,0728217
1589,0568;0,0740477
1590,0210;0,0751253
1590,9852;0,0760121
1591,9495;0,0766768
1592,9137;0,0770944
1593,8779;0,0772559
1594,8422;0,0771828
1595,8064;0,0769292
1596,7706;0,0765595
1597,7349;0,076121
1598,6991;0,0756344
1599,6633;0,0751057
1600,6276;0,0745444
1601,5918;0,073973
1602,5560;0,0734237
1603,5203;0,0729224
1604,4845;0,0724742
1605,4487;0,0720593
1606,4130;0,071644
1607,3772;0,0712043
1608,3414;0,0707524
1609,3057;0,070343
1610,2699;0,07004
1611,2341;0,0698672
1612,1984;0,0697878
1613,1626;0,0697191
1614,1268;0,0695664
1615,0911;0,0692793
1616,0553;0,068927
1617,0195;0,068687
1617,9838;0,068681
1618,9480;0,0688698
1619,9122;0,069131
1620,8765;0,0693562
1621,8407;0,0694868
1622,8049;0,0695248
1623,7692;0,0695233
1624,7334;0,069542
1625,6976;0,0695994
1626,6619;0,0696787
1627,6261;0,069767
1628,5903;0,0698776
1629,5546;0,0700349
1630,5188;0,0702427
1631,4830;0,0704643
1632,4473;0,070619
1633,4115;0,0705893
1634,3757;0,0702714
1635,3400;0,0697125
1636,3042;0,0691845
1637,2684;0,0689331
1638,2327;0,068944
1639,1969;0,069077
1640,1611;0,0692316
1641,1254;0,0693684
1642,0896;0,069468
1643,0538;0,0694851
1644,0181;0,0693234
1644,9823;0,0688736
1645,9465;0,0681573
1646,9108;0,0674419
1647,8750;0,0670337
1648,8392;0,0669788
1649,8035;0,0670812
1650,7677;0,06703
1651,7319;0,0664531
1652,6962;0,0651559
1653,6604;0,0636238
1654,6246;0,0626439
1655,5889;0,0623133
1656,5531;0,0622856
1657,5173;0,0622875
1658,4816;0,0621742
1659,4458;0,0618566
1660,4100;0,0612794
1661,3743;0,0604683
1662,3385;0,059577
1663,3027;0,0588095
1664,2670;0,0582638
1665,2312;0,0578817
1666,1954;0,05751
1667,1597;0,056972
1668,1239;0,0561469
1669,0881;0,0550799
1670,0524;0,0540115
1671,0166;0,0531801
1671,9808;0,0526062
1672,9451;0,0521288
1673,9093;0,0515759
1674,8735;0,0508907
1675,8378;0,0501676
1676,8020;0,049569
1677,7662;0,049185
1678,7305;0,0489833
1679,6947;0,0488506
1680,6589;0,0486294
1681,6232;0,0481296
1682,5874;0,047199
1683,5516;0,0459379
1684,5159;0,0447811
1685,4801;0,0440746
1686,4443;0,0437697
1687,4086;0,0436555
1688,3728;0,043588
1689,3370;0,0435222
1690,3013;0,0434699
1691,2655;0,0434541
1692,2297;0,0434777
1693,1940;0,0435151
1694,1582;0,0435212
1695,1224;0,0434535
1696,0867;0,0433
1697,0509;0,0430992
1698,0151;0,0429344
1698,9794;0,0428952
1699,9436;0,043027
1700,9078;0,0433138
1701,8721;0,0437108
1702,8363;0,0441888
1703,8005;0,0447499
1704,7648;0,0454133
1705,7290;0,0461905
1706,6932;0,0470655
1707,6575;0,0480026
1708,6217;0,0489749
1709,5859;0,0499801
1710,5502;0,0510256
1711,5144;0,0521035
1712,4786;0,0531801
1713,4429;0,0542102
1714,4071;0,0551735
1715,3713;0,0561189
1716,3356;0,0571634
1717,2998;0,0583822
1718,2640;0,0597041
1719,2283;0,0610039
1720,1925;0,0622338
1721,1567;0,0634159
1722,1210;0,0645787
1723,0852;0,0657223
1724,0494;0,0668171
1725,0137;0,0678277
1725,9779;0,0687388
1726,9421;0,0695607
1727,9064;0,070311
1728,8706;0,0709874
1729,8348;0,0715478
1730,7991;0,0719011
1731,7633;0,0719254
1732,7275;0,0715552
1733,6918;0,0709072
1734,6560;0,0702387
1735,6202;0,0697014
1736,5845;0,0692333
1737,5487;0,0686667
1738,5129;0,0678489
1739,4772;0,066714
1740,4414;0,0653178
1741,4056;0,0638044
1742,3699;0,062302
1743,3341;0,0608436
1744,2983;0,0593876
1745,2626;0,0578775
1746,2268;0,0562603
1747,1910;0,054467
1748,1553;0,0524207
1749,1195;0,0501263
1750,0837;0,0477668
1751,0480;0,0456226
1752,0122;0,0438535
1752,9764;0,0424097
1753,9407;0,0411234
1754,9049;0,0398384
1755,8691;0,0384915
1756,8334;0,037122
1757,7976;0,0358107
1758,7618;0,034592
1759,7261;0,0334237
1760,6903;0,032246
1761,6545;0,0310671
1762,6188;0,029977
1763,5830;0,0290686
1764,5472;0,0283569
1765,5115;0,0277752
1766,4757;0,0272285
1767,4399;0,0266441
1768,4042;0,0259892
1769,3684;0,0252635
1770,3326;0,0244861
1771,2969;0,0237039
1772,2611;0,0230064
1773,2253;0,0224913
1774,1896;0,0221922
1775,1538;0,0220572
1776,1180;0,021992
1777,0823;0,0219098
1778,0465;0,0217593
1779,0107;0,0215369
1779,9750;0,02128
1780,9392;0,0210369
1781,9034;0,020831
1782,8677;0,0206546
1783,8319;0,0204927
1784,7961;0,0203485
1785,7604;0,0202432
1786,7246;0,0201928
1787,6888;0,0201864
1788,6531;0,0201822
1789,6173;0,0201184
1790,5815;0,0199425
1791,5458;0,0196561
1792,5100;0,019341
1793,4742;0,019105
1794,4385;0,0189948
1795,4027;0,0189803
1796,3669;0,0189998
1797,3312;0,0189968
1798,2954;0,0189368
1799,2596;0,0188146
1800,2239;0,018656
1801,1881;0,018504
1802,1523;0,0183936
1803,1166;0,018337
1804,0808;0,0183265
1805,0450;0,0183436
1806,0093;0,0183655
1806,9735;0,0183677
1807,9377;0,0183294
1808,9020;0,0182414
1809,8662;0,0181156
1810,8304;0,0179824
1811,7947;0,0178747
1812,7589;0,0178081
1813,7231;0,0177763
1814,6874;0,0177613
1815,6516;0,0177488
1816,6158;0,0177381
1817,5801;0,0177412
1818,5443;0,0177709
1819,5085;0,017826
1820,4728;0,0178863
1821,4370;0,0179224
1822,4012;0,0179118
1823,3655;0,0178532
1824,3297;0,0177688
1825,2939;0,0176876
1826,2582;0,0176223
1827,2224;0,0175595
1828,1866;0,017476
1829,1509;0,0173678
1830,1151;0,0172652
1831,0793;0,0172138
1832,0436;0,0172346
1833,0078;0,0173083
1833,9720;0,017391
1834,9363;0,0174402
1835,9005;0,0174367
1836,8647;0,017396
1837,8290;0,0173585
1838,7932;0,0173612
1839,7574;0,0174112
1840,7217;0,0174837
1841,6859;0,0175362
1842,6501;0,0175314
1843,6144;0,0174633
1844,5786;0,0173682
1845,5428;0,0172961
1846,5071;0,0172678
1847,4713;0,0172678
1848,4355;0,0172681
1849,3998;0,0172521
1850,3640;0,017223
1851,3282;0,0171991
1852,2925;0,0172008
1853,2567;0,0172378
1854,2209;0,0173047
1855,1852;0,0173856
1856,1494;0,0174614
1857,1136;0,0175158
1858,0779;0,0175372
1859,0421;0,0175207
1860,0063;0,0174724
1860,9706;0,0174104
1861,9348;0,0173604
1862,8990;0,0173438
1863,8633;0,0173663
1864,8275;0,0174135
1865,7917;0,0174555
1866,7560;0,0174602
1867,7202;0,0174136
1868,6844;0,0173354
1869,6487;0,0172674
1870,6129;0,0172398
1871,5771;0,0172539
1872,5414;0,0172907
1873,5056;0,0173273
1874,4698;0,0173471
1875,4341;0,0173442
1876,3983;0,0173238
1877,3625;0,0172994
1878,3268;0,0172874
1879,2910;0,0173011
1880,2552;0,0173475
1881,2195;0,0174248
1882,1837;0,0175215
1883,1479;0,0176191
1884,1122;0,0176975
1885,0764;0,0177418
1886,0406;0,0177463
1887,0049;0,0177142
1887,9691;0,0176564
1888,9333;0,0175875
1889,8976;0,0175217
1890,8618;0,0174675
1891,8260;0,0174282
1892,7903;0,0174044
1893,7545;0,017398
1894,7188;0,0174127
1895,6830;0,0174515
1896,6472;0,0175121
1897,6115;0,0175846
1898,5757;0,0176525
1899,5399;0,0176983
1900,5042;0,0177092
1901,4684;0,0176836
1902,4326;0,0176334
1903,3969;0,0175806
1904,3611;0,0175484
1905,3253;0,0175505
1906,2896;0,0175866
1907,2538;0,0176441
1908,2180;0,0177052
1909,1823;0,017755
1910,1465;0,0177885
1911,1107;0,0178095
1912,0750;0,0178268
1913,0392;0,0178479
1914,0034;0,0178772
1914,9677;0,0179152
1915,9319;0,0179595
1916,8961;0,0180046
1917,8604;0,0180425
1918,8246;0,0180641
1919,7888;0,0180629
1920,7531;0,0180357
1921,7173;0,0179839
1922,6815;0,0179125
1923,6458;0,0178315
1924,6100;0,0177543
1925,5742;0,0176964
1926,5385;0,0176716
1927,5027;0,0176902
1928,4669;0,0177562
1929,4312;0,017864
1930,3954;0,0179961
1931,3596;0,018125
1932,3239;0,0182212
1933,2881;0,0182627
1934,2523;0,0182435
1935,2166;0,0181769
1936,1808;0,018092
1937,1450;0,0180244
1938,1093;0,0180033
1939,0735;0,0180418
1940,0377;0,0181337
1941,0020;0,0182557
1941,9662;0,0183774
1942,9304;0,0184757
1943,8947;0,0185473
1944,8589;0,0186065
1945,8231;0,0186707
1946,7874;0,0187459
1947,7516;0,0188223
1948,7158;0,0188802
1949,6801;0,0189034
1950,6443;0,01889
1951,6085;0,0188558
1952,5728;0,0188252
1953,5370;0,0188183
1954,5012;0,0188409
1955,4655;0,0188849
1956,4297;0,0189377
1957,3939;0,0189942
1958,3582;0,0190638
1959,3224;0,0191677
1960,2866;0,0193275
1961,2509;0,0195509
1962,2151;0,0198227
1963,1793;0,0201059
1964,1436;0,0203527
1965,1078;0,0205218
1966,0720;0,020597
1967,0363;0,0205973
1968,0005;0,0205657
1968,9647;0,0205376
1969,9290;0,0205144
1970,8932;0,0204659
1971,8574;0,0203665
1972,8217;0,0202393
1973,7859;0,0201768
1974,7501;0,0203072
1975,7144;0,020711
1976,6786;0,0213355
1977,6428;0,0219865
1978,6071;0,0224255
1979,5713;0,0225057
1980,5355;0,0222453
1981,4998;0,0217977
1982,4640;0,0213592
1983,4282;0,0210776
1984,3925;0,0210011
1985,3567;0,0210795
1986,3209;0,0212132
1987,2852;0,0213176
1988,2494;0,0213641
1989,2136;0,0213788
1990,1779;0,0214049
1991,1421;0,0214604
1992,1063;0,0215217
1993,0706;0,0215468
1994,0348;0,0215167
1994,9990;0,0214578
1995,9633;0,0214259
1996,9275;0,0214651
1997,8917;0,0215716
1998,8560;0,0216871
1999,8202;0,0217336
2000,7844;0,0216727
2001,7487;0,0215462
2002,7129;0,0214678
2003,6771;0,0215629
2004,6414;0,0218909
2005,6056;0,0223944
2006,5698;0,0229143
2007,5341;0,0232718
2008,4983;0,0233676
2009,4625;0,0232248
2010,4268;0,0229537
2011,3910;0,0226773
2012,3552;0,0224766
2013,3195;0,0223813
2014,2837;0,0223927
2015,2479;0,0225057
2016,2122;0,0227105
2017,1764;0,0229791
2018,1406;0,0232602
2019,1049;0,0234981
2020,0691;0,0236625
2021,0333;0,0237629
2021,9976;0,0238332
2022,9618;0,0238977
2023,9260;0,0239453
2024,8903;0,0239335
2025,8545;0,023824
2026,8187;0,0236239
2027,7830;0,0234008
2028,7472;0,0232576
2029,7114;0,023282
2030,6757;0,0235005
2031,6399;0,023862
2032,6041;0,0242584
2033,5684;0,0245687
2034,5326;0,0247062
2035,4968;0,024648
2036,4611;0,0244375
2037,4253;0,0241616
2038,3895;0,0239148
2039,3538;0,0237615
2040,3180;0,0237107
2041,2822;0,0237159
2042,2465;0,0237072
2043,2107;0,0236419
2044,1749;0,0235372
2045,1392;0,0234618
2046,1034;0,0234843
2047,0676;0,0236122
2048,0320;0,0237682
2048,9961;0,0238329
2049,9604;0,0237233
2050,9246;0,0234476
2051,8889;0,0230998
2052,8530;0,022807
2053,8174;0,0226653
2054,7815;0,0226948
2055,7458;0,0228333
2056,7100;0,0229727
2057,6743;0,0230168
2058,6384;0,0229265
2059,6028;0,0227297
2060,5669;0,022496
2061,5313;0,0222984
2062,4954;0,0221809
2063,4597;0,0221483
2064,4238;0,0221757
2065,3882;0,0222303
2066,3523;0,022289
2067,3167;0,0223437
2068,2808;0,0223938
2069,2451;0,0224369
2070,2092;0,0224643
2071,1736;0,0224648
2072,1377;0,0224325
2073,1021;0,0223718
2074,0662;0,0222955
2075,0305;0,0222189
2075,9946;0,0221539
2076,9590;0,022107
2077,9231;0,0220793
2078,8875;0,022068
2079,8516;0,0220671
2080,8159;0,0220697
2081,7800;0,0220706
2082,7444;0,02207
2083,7085;0,022072
2084,6729;0,0220804
2085,6370;0,0220915
2086,6013;0,0220923
2087,5654;0,0220662
2088,5298;0,0220039
2089,4939;0,0219129
2090,4583;0,0218183
2091,4224;0,0217541
2092,3867;0,0217479
2093,3508;0,0218084
2094,3152;0,0219207
2095,2793;0,0220522
2096,2437;0,0221656
2097,2078;0,0222359
2098,1721;0,02226
2099,1362;0,0222561
2100,1006;0,0222519
2101,0647;0,0222696
2102,0291;0,0223124
2102,9932;0,0223637
2103,9575;0,0223979
2104,9216;0,0223971
2105,8860;0,0223642
2106,8501;0,0223226
2107,8145;0,022303
2108,7786;0,0223244
2109,7429;0,0223826
2110,7070;0,022453
2111,6714;0,0225038
2112,6355;0,0225132
2113,5999;0,0224764
2114,5640;0,0224037
2115,5283;0,0223106
2116,4924;0,0222102
2117,4568;0,0221118
2118,4209;0,0220245
2119,3853;0,0219603
2120,3494;0,0219321
2121,3137;0,0219473
2122,2778;0,022002
2123,2422;0,0220798
2124,2063;0,0221586
2125,1707;0,0222201
2126,1348;0,0222569
2127,0991;0,0222743
2128,0632;0,0222865
2129,0276;0,0223109
2129,9917;0,0223616
2130,9561;0,0224464
2131,9202;0,0225635
2132,8845;0,0227038
2133,8486;0,0228565
2134,8130;0,0230173
2135,7771;0,0231925
2136,7415;0,0233937
2137,7056;0,0236238
2138,6699;0,0238673
2139,6340;0,0240955
2140,5984;0,0242863
2141,5625;0,0244426
2142,5269;0,0245937
2143,4910;0,0247728
2144,4553;0,0249867
2145,4194;0,025204
2146,3838;0,0253766
2147,3479;0,0254804
2148,3123;0,0255419
2149,2764;0,0256264
2150,2407;0,0257933
2151,2048;0,0260539
2152,1692;0,0263679
2153,1333;0,0266814
2154,0977;0,0269798
2155,0618;0,0273143
2156,0261;0,0277768
2156,9902;0,0284258
2157,9546;0,0292082
2158,9187;0,0299462
2159,8831;0,0304282
2160,8472;0,0305332
2161,8115;0,0302783
2162,7756;0,0297751
2163,7400;0,0291597
2164,7041;0,028544
2165,6685;0,0279949
2166,6326;0,0275331
2167,5969;0,0271451
2168,5610;0,0268053
2169,5254;0,0264974
2170,4895;0,0262277
2171,4539;0,0260218
2172,4180;0,0259091
2173,3823;0,025903
2174,3464;0,025989
2175,3108;0,0261284
2176,2749;0,0262761
2177,2393;0,0263996
2178,2034;0,0264862
2179,1677;0,0265354
2180,1318;0,0265434
2181,0962;0,0264964
2182,0603;0,0263771
2183,0247;0,0261846
2183,9888;0,0259483
2184,9531;0,0257215
2185,9172;0,0255551
2186,8816;0,0254657
2187,8457;0,0254227
2188,8101;0,0253654
2189,7742;0,0252428
2190,7385;0,0250506
2191,7026;0,0248396
2192,6670;0,0246868
2193,6311;0,0246456
2194,5955;0,0247081
2195,5596;0,0248041
2196,5239;0,0248392
2197,4880;0,024748
2198,4524;0,0245286
2199,4165;0,0242415
2200,3809;0,0239745
2201,3450;0,0237989
2202,3093;0,0237417
2203,2734;0,0237843
2204,2378;0,0238815
2205,2019;0,0239853
2206,1663;0,0240596
2207,1304;0,0240844
2208,0947;0,0240532
2209,0588;0,0239709
2210,0232;0,0238536
2210,9873;0,0237262
2211,9517;0,0236175
2212,9158;0,0235495
2213,8801;0,0235296
2214,8442;0,0235471
2215,8086;0,0235791
2216,7727;0,0236022
2217,7371;0,0236036
2218,7012;0,0235872
2219,6655;0,0235705
2220,6296;0,0235734
2221,5940;0,0236047
2222,5581;0,0236531
2223,5225;0,0236881
2224,4866;0,0236729
2225,4509;0,0235835
2226,4150;0,023424
2227,3794;0,0232295
2228,3435;0,023051
2229,3079;0,022931
2230,2720;0,0228826
2231,2363;0,0228843
2232,2004;0,0228943
2233,1648;0,022875
2234,1289;0,0228142
2235,0933;0,02273
2236,0574;0,0226583
2237,0217;0,0226308
2237,9858;0,0226568
2238,9502;0,022718
2239,9143;0,0227773
2240,8787;0,0227974
2241,8428;0,0227584
2242,8071;0,0226657
2243,7712;0,0225465
2244,7356;0,0224355
2245,6997;0,0223588
2246,6641;0,0223233
2247,6282;0,0223179
2248,5925;0,022323
2249,5566;0,0223236
2250,5210;0,0223161
2251,4851;0,0223064
2252,4495;0,0223016
2253,4136;0,0223019
2254,3779;0,0222982
2255,3420;0,022277
2256,3064;0,0222288
2257,2705;0,0221531
2258,2349;0,0220593
2259,1990;0,0219613
2260,1633;0,0218708
2261,1274;0,0217938
2262,0918;0,0217304
2263,0559;0,0216784
2264,0203;0,0216385
2264,9844;0,0216155
2265,9487;0,0216162
2266,9128;0,021642
2267,8772;0,0216833
2268,8413;0,0217192
2269,8057;0,0217256
2270,7698;0,0216868
2271,7341;0,0216045
2272,6982;0,0214979
2273,6626;0,0213939
2274,6267;0,0213152
2275,5911;0,0212724
2276,5552;0,0212647
2277,5195;0,0212872
2278,4836;0,0213361
2279,4480;0,0214086
2280,4121;0,0214976
2281,3765;0,0215882
2282,3406;0,0216595
2283,3049;0,0216929
2284,2690;0,0216809
2285,2334;0,0216304
2286,1975;0,0215592
2287,1619;0,0214875
2288,1260;0,021429
2289,0903;0,0213881
2290,0544;0,0213619
2291,0188;0,0213467
2291,9829;0,0213421
2292,9473;0,0213516
2293,9114;0,0213791
2294,8757;0,0214251
2295,8398;0,0214842
2296,8042;0,0215469
2297,7683;0,0216033
2298,7327;0,0216482
2299,6968;0,0216833
2300,6611;0,021717
2301,6252;0,0217601
2302,5896;0,021822
2303,5537;0,0219056
2304,5181;0,0220065
2305,4822;0,0221141
2306,4465;0,0222156
2307,4106;0,0223011
2308,3750;0,0223678
2309,3391;0,0224212
2310,3035;0,022472
2311,2676;0,0225309
2312,2319;0,0226026
2313,1960;0,0226845
2314,1604;0,0227689
2315,1245;0,0228488
2316,0889;0,0229234
2317,0530;0,0229981
2318,0173;0,0230799
2318,9814;0,0231691
2319,9458;0,0232489
2320,9099;0,0232828
2321,8743;0,0232269
2322,8384;0,0230543
2323,8027;0,0227751
2324,7668;0,0224366
2325,7312;0,0221039
2326,6953;0,0218352
2327,6597;0,0216611
2328,6238;0,0215744
2329,5881;0,0215352
2330,5522;0,0214901
2331,5166;0,0214009
2332,4807;0,0212598
2333,4451;0,0210831
2334,4092;0,0208906
2335,3735;0,0206915
2336,3376;0,0204871
2337,3020;0,0202844
2338,2661;0,0201051
2339,2305;0,0199786
2340,1946;0,0199244
2341,1589;0,0199436
2342,1230;0,0200251
2343,0874;0,0201549
2344,0515;0,0203104
2345,0159;0,0204565
2345,9800;0,0205708
2346,9443;0,0206664
2347,9084;0,0207791
2348,8728;0,020936
2349,8369;0,0211356
2350,8013;0,0213471
2351,7654;0,0215279
2352,7297;0,0216527
2353,6938;0,0217326
2354,6582;0,0217945
2355,6223;0,0218407
2356,5867;0,0218407
2357,5508;0,021765
2358,5151;0,0216133
2359,4792;0,0214089
2360,4436;0,0211761
2361,4077;0,020931
2362,3721;0,0206953
2363,3362;0,0205072
2364,3005;0,0204094
2365,2646;0,0204232
2366,2290;0,0205335
2367,1931;0,0206984
2368,1575;0,0208725
2369,1216;0,0210255
2370,0859;0,0211473
2371,0500;0,0212422
2372,0144;0,021319
2372,9785;0,0213827
2373,9429;0,0214308
2374,9070;0,021455
2375,8713;0,0214461
2376,8354;0,0214008
2377,7998;0,0213256
2378,7639;0,0212364
2379,7283;0,0211537
2380,6924;0,0210956
2381,6567;0,0210716
2382,6208;0,021081
2383,5852;0,0211146
2384,5493;0,0211599
2385,5137;0,0212055
2386,4778;0,0212447
2387,4421;0,021275
2388,4063;0,021297
2389,3706;0,0213118
2390,3347;0,0213207
2391,2991;0,0213244
2392,2632;0,021325
2393,2275;0,0213254
2394,1917;0,021329
2395,1560;0,0213395
2396,1201;0,0213595
2397,0845;0,0213904
2398,0486;0,0214318
2399,0129;0,0214817
2399,9771;0,0215354
2400,9414;0,0215873
2401,9055;0,0216325
2402,8699;0,0216697
2403,8340;0,0217023
2404,7983;0,0217364
2405,7625;0,0217771
2406,7268;0,0218246
2407,6909;0,0218733
2408,6553;0,0219139
2409,6194;0,0219396
2410,5837;0,0219501
2411,5479;0,0219528
2412,5122;0,0219593
2413,4763;0,02198
2414,4407;0,0220191
2415,4048;0,0220729
2416,3691;0,0221319
2417,3333;0,0221854
2418,2976;0,0222263
2419,2617;0,0222537
2420,2261;0,0222723
2421,1902;0,0222893
2422,1545;0,0223102
2423,1187;0,0223363
2424,0830;0,0223649
2425,0471;0,0223925
2426,0115;0,0224178
2426,9756;0,0224438
2427,9399;0,0224756
2428,9041;0,0225171
2429,8684;0,0225668
2430,8325;0,0226181
2431,7969;0,0226624
2432,7610;0,0226939
2433,7253;0,0227128
2434,6895;0,0227252
2435,6538;0,0227392
2436,6179;0,0227606
2437,5823;0,0227911
2438,5464;0,0228287
2439,5107;0,0228702
2440,4749;0,0229129
2441,4392;0,022955
2442,4033;0,0229956
2443,3677;0,0230333
2444,3318;0,0230673
2445,2961;0,0230979
2446,2603;0,0231268
2447,2246;0,0231562
2448,1887;0,0231881
2449,1531;0,0232228
2450,1172;0,0232594
2451,0815;0,0232964
2452,0457;0,0233321
2453,0100;0,0233644
2453,9741;0,0233901
2454,9385;0,0234053
2455,9026;0,0234079
2456,8669;0,0233997
2457,8311;0,0233881
2458,7954;0,0233836
2459,7595;0,0233952
2460,7239;0,0234252
2461,6880;0,0234676
2462,6523;0,0235111
2463,6165;0,0235452
2464,5808;0,023566
2465,5449;0,023578
2466,5093;0,02359
2467,4734;0,02361
2468,4377;0,0236397
2469,4019;0,0236746
2470,3662;0,0237064
2471,3303;0,0237288
2472,2947;0,0237404
2473,2588;0,0237449
2474,2231;0,0237486
2475,1873;0,0237575
2476,1516;0,0237746
2477,1157;0,0237995
2478,0801;0,0238301
2479,0442;0,0238641
2480,0085;0,0238998
2480,9727;0,0239361
2481,9370;0,0239718
2482,9011;0,0240044
2483,8655;0,0240303
2484,8296;0,0240463
2485,7939;0,0240511
2486,7581;0,024048
2487,7224;0,0240445
2488,6865;0,02405
2489,6509;0,0240718
2490,6150;0,0241109
2491,5793;0,0241613
2492,5435;0,024211
2493,5078;0,0242479
2494,4719;0,0242648
2495,4363;0,0242626
2496,4004;0,0242495
2497,3647;0,0242375
2498,3289;0,0242365
2499,2932;0,0242507
2500,2573;0,0242788
2501,2217;0,0243153
2502,1858;0,0243544
2503,1501;0,0243921
2504,1143;0,0244265
2505,0786;0,0244572
2506,0427;0,0244835
2507,0071;0,0245048
2507,9712;0,0245204
2508,9355;0,0245309
2509,8997;0,024538
2510,8640;0,0245457
2511,8281;0,0245587
2512,7925;0,0245813
2513,7566;0,0246146
2514,7209;0,0246547
2515,6851;0,024692
2516,6494;0,0247151
2517,6135;0,0247163
2518,5779;0,0246965
2519,5420;0,0246671
2520,5063;0,024645
2521,4705;0,0246445
2522,4348;0,0246702
2523,3989;0,0247149
2524,3633;0,0247648
2525,3274;0,0248069
2526,2917;0,0248359
2527,2559;0,0248545
2528,2202;0,0248695
2529,1843;0,0248871
2530,1487;0,0249087
2531,1128;0,0249311
2532,0771;0,0249492
2533,0413;0,0249582
2534,0056;0,0249559
2534,9697;0,0249437
2535,9341;0,0249266
2536,8982;0,0249125
2537,8625;0,0249096
2538,8267;0,0249224
2539,7910;0,0249501
2540,7551;0,0249856
2541,7195;0,0250199
2542,6836;0,0250457
2543,6479;0,0250613
2544,6121;0,0250698
2545,5764;0,0250771
2546,5405;0,0250883
2547,5049;0,0251053
2548,4690;0,0251261
2549,4333;0,0251458
2550,3975;0,0251576
2551,3618;0,025156
2552,3259;0,0251397
2553,2903;0,0251143
2554,2544;0,0250917
2555,2188;0,0250851
2556,1829;0,0251026
2557,1472;0,0251423
2558,1113;0,0251932
2559,0757;0,0252411
2560,0398;0,0252761
2561,0042;0,0252963
2561,9683;0,0253065
2562,9326;0,0253128
2563,8967;0,0253182
2564,8611;0,025322
2565,8252;0,0253225
2566,7896;0,0253197
2567,7537;0,0253164
2568,7180;0,0253164
2569,6821;0,0253217
2570,6465;0,0253326
2571,6106;0,0253481
2572,5750;0,0253676
2573,5391;0,0253912
2574,5034;0,0254182
2575,4675;0,0254464
2576,4319;0,0254722
2577,3960;0,025493
2578,3604;0,0255089
2579,3245;0,0255227
2580,2888;0,0255388
2581,2529;0,02556
2582,2173;0,0255862
2583,1814;0,0256147
2584,1458;0,0256422
2585,1099;0,0256668
2586,0742;0,0256886
2587,0383;0,0257093
2588,0027;0,0257302
2588,9668;0,0257514
2589,9312;0,0257721
2590,8953;0,0257914
2591,8596;0,0258093
2592,8237;0,0258271
2593,7881;0,0258465
2594,7522;0,0258696
2595,7166;0,0258977
2596,6807;0,025931
2597,6450;0,0259693
2598,6091;0,0260108
2599,5735;0,0260524
2600,5376;0,0260902
2601,5020;0,0261209
2602,4661;0,0261433
2603,4304;0,0261598
2604,3945;0,0261753
2605,3589;0,0261954
2606,3230;0,0262231
2607,2874;0,0262576
2608,2515;0,0262943
2609,2158;0,0263276
2610,1799;0,0263544
2611,1443;0,0263763
2612,1084;0,0263995
2613,0728;0,0264319
2614,0369;0,0264788
2615,0012;0,0265392
2615,9653;0,0266051
2616,9297;0,0266652
2617,8938;0,0267102
2618,8582;0,0267375
2619,8223;0,0267526
2620,7866;0,0267656
2621,7507;0,0267857
2622,7151;0,0268168
2623,6792;0,0268564
2624,6436;0,0268984
2625,6077;0,026938
2626,5720;0,0269739
2627,5361;0,0270087
2628,5005;0,0270465
2629,4646;0,0270897
2630,4290;0,0271383
2631,3931;0,0271895
2632,3574;0,0272393
2633,3215;0,0272833
2634,2859;0,0273179
2635,2500;0,0273416
2636,2144;0,0273559
2637,1785;0,0273659
2638,1428;0,0273787
2639,1069;0,0274018
2640,0713;0,0274394
2641,0354;0,0274907
2641,9998;0,0275506
2642,9639;0,0276117
2643,9282;0,027668
2644,8923;0,0277166
2645,8567;0,0277578
2646,8208;0,0277943
2647,7852;0,0278287
2648,7493;0,0278623
2649,7136;0,0278951
2650,6777;0,0279262
2651,6421;0,0279555
2652,6062;0,0279834
2653,5706;0,0280111
2654,5347;0,0280392
2655,4990;0,0280677
2656,4631;0,0280958
2657,4275;0,0281228
2658,3916;0,0281487
2659,3560;0,0281743
2660,3201;0,0282005
2661,2844;0,0282267
2662,2485;0,0282509
2663,2129;0,0282703
2664,1770;0,0282839
2665,1414;0,0282935
2666,1055;0,0283041
2667,0698;0,0283213
2668,0339;0,0283483
2668,9983;0,0283843
2669,9624;0,028425
2670,9268;0,0284656
2671,8909;0,0285037
2672,8552;0,0285405
2673,8193;0,0285789
2674,7837;0,0286206
2675,7478;0,0286645
2676,7122;0,0287065
2677,6763;0,0287433
2678,6406;0,0287745
2679,6047;0,0288043
2680,5691;0,0288392
2681,5332;0,0288852
2682,4976;0,0289441
2683,4617;0,029013
2684,4260;0,0290853
2685,3901;0,0291543
2686,3545;0,029215
2687,3186;0,0292661
2688,2830;0,0293088
2689,2471;0,0293465
2690,2114;0,029383
2691,1755;0,0294217
2692,1399;0,0294656
2693,1040;0,0295162
2694,0684;0,0295733
2695,0325;0,0296345
2695,9968;0,0296957
2696,9609;0,0297521
2697,9253;0,0298006
2698,8894;0,0298415
2699,8538;0,0298785
2700,8179;0,0299177
2701,7822;0,0299644
2702,7463;0,0300212
2703,7107;0,0300864
2704,6748;0,030155
2705,6392;0,0302211
2706,6033;0,0302804
2707,5676;0,0303321
2708,5317;0,0303783
2709,4961;0,0304227
2710,4602;0,0304692
2711,4246;0,03052
2712,3887;0,0305758
2713,3530;0,0306357
2714,3171;0,0306979
2715,2815;0,0307604
2716,2456;0,0308216
2717,2100;0,0308802
2718,1741;0,0309355
2719,1384;0,0309875
2720,1025;0,0310357
2721,0669;0,0310792
2722,0310;0,0311169
2722,9954;0,031148
2723,9595;0,0311741
2724,9238;0,0311997
2725,8879;0,0312315
2726,8523;0,0312756
2727,8164;0,0313348
2728,7808;0,0314069
2729,7449;0,0314851
2730,7092;0,0315608
2731,6733;0,0316263
2732,6377;0,0316768
2733,6018;0,0317114
2734,5662;0,0317325
2735,5303;0,0317457
2736,4946;0,0317581
2737,4587;0,0317765
2738,4231;0,0318054
2739,3872;0,0318453
2740,3516;0,0318921
2741,3157;0,0319393
2742,2800;0,0319811
2743,2441;0,0320144
2744,2085;0,0320394
2745,1726;0,032059
2746,1370;0,032077
2747,1011;0,032097
2748,0654;0,0321226
2749,0295;0,0321565
2749,9939;0,0322003
2750,9580;0,0322534
2751,9224;0,0323127
2752,8865;0,0323737
2753,8508;0,032432
2754,8149;0,032485
2755,7793;0,0325327
2756,7434;0,0325769
2757,7078;0,0326202
2758,6719;0,0326652
2759,6362;0,0327139
2760,6003;0,0327672
2761,5647;0,0328245
2762,5288;0,0328829
2763,4932;0,0329387
2764,4573;0,032989
2765,4216;0,0330342
2766,3857;0,0330785
2767,3501;0,0331285
2768,3142;0,0331893
2769,2786;0,033261
2770,2427;0,0333374
2771,2070;0,0334094
2772,1711;0,0334702
2773,1355;0,03352
2774,0996;0,0335667
2775,0640;0,0336219
2776,0281;0,0336944
2776,9924;0,0337853
2777,9565;0,0338871
2778,9209;0,0339882
2779,8850;0,0340796
2780,8494;0,0341591
2781,8135;0,0342313
2782,7778;0,0343036
2783,7419;0,0343809
2784,7063;0,0344627
2785,6704;0,0345442
2786,6348;0,0346203
2787,5989;0,0346905
2788,5632;0,0347603
2789,5273;0,0348394
2790,4917;0,0349363
2791,4558;0,0350539
2792,4202;0,0351868
2793,3843;0,0353244
2794,3486;0,0354553
2795,3127;0,035573
2796,2771;0,0356784
2797,2412;0,0357782
2798,2056;0,0358814
2799,1697;0,035995
2800,1340;0,0361217
2801,0981;0,0362603
2802,0625;0,0364078
2803,0266;0,0365611
2803,9910;0,0367182
2804,9551;0,0368778
2805,9194;0,0370391
2806,8835;0,0372016
2807,8479;0,0373651
2808,8120;0,0375304
2809,7764;0,0376988
2810,7405;0,0378721
2811,7048;0,0380517
2812,6689;0,0382383
2813,6333;0,0384319
2814,5974;0,0386317
2815,5618;0,0388374
2816,5259;0,03905
2817,4902;0,0392712
2818,4543;0,0395029
2819,4187;0,0397454
2820,3828;0,0399963
2821,3472;0,0402516
2822,3113;0,0405086
2823,2756;0,0407685
2824,2397;0,0410373
2825,2041;0,0413242
2826,1682;0,0416368
2827,1326;0,0419778
2828,0967;0,0423441
2829,0610;0,0427296
2830,0251;0,0431289
2830,9895;0,0435404
2831,9536;0,0439658
2832,9180;0,0444077
2833,8821;0,0448676
2834,8464;0,0453462
2835,8105;0,0458454
2836,7749;0,0463714
2837,7390;0,0469358
2838,7034;0,0475535
2839,6675;0,0482402
2840,6318;0,04901
2841,5959;0,0498736
2842,5603;0,0508368
2843,5244;0,0518941
2844,4888;0,0530216
2845,4529;0,0541697
2846,4172;0,0552639
2847,3813;0,056217
2848,3457;0,0569508
2849,3098;0,0574193
2850,2742;0,0576222
2851,2383;0,0576031
2852,2026;0,0574325
2853,1667;0,0571854
2854,1311;0,0569228
2855,0952;0,0566834
2856,0596;0,0564856
2857,0237;0,0563352
2857,9880;0,0562338
2858,9521;0,0561836
2859,9165;0,0561882
2860,8806;0,0562504
2861,8450;0,0563694
2862,8091;0,05654
2863,7734;0,0567535
2864,7375;0,0569997
2865,7019;0,0572688
2866,6660;0,0575515
2867,6304;0,0578373
2868,5945;0,058114
2869,5588;0,0583692
2870,5229;0,0585937
2871,4873;0,0587848
2872,4514;0,0589475
2873,4158;0,059092
2874,3799;0,0592292
2875,3442;0,0593669
2876,3083;0,0595087
2877,2727;0,0596551
2878,2368;0,0598051
2879,2012;0,0599573
2880,1653;0,0601099
2881,1296;0,060261
2882,0938;0,06041
2883,0581;0,0605589
2884,0222;0,0607122
2884,9866;0,0608749
2885,9507;0,0610492
2886,9150;0,0612329
2887,8792;0,0614202
2888,8435;0,0616046
2889,8076;0,0617823
2890,7720;0,0619534
2891,7361;0,0621211
2892,7004;0,0622898
2893,6646;0,0624629
2894,6289;0,0626426
2895,5930;0,0628295
2896,5574;0,0630226
2897,5215;0,0632184
2898,4858;0,0634117
2899,4500;0,063596
2900,4143;0,0637671
2901,3784;0,0639259
2902,3428;0,0640798
2903,3069;0,0642421
2904,2712;0,0644278
2905,2354;0,0646496
2906,1997;0,0649164
2907,1638;0,0652345
2908,1282;0,0656125
2909,0923;0,0660641
2910,0566;0,0666062
2911,0208;0,0672503
2911,9851;0,0679894
2912,9492;0,068788
2913,9136;0,0695805
2914,8777;0,0702827
2915,8420;0,0708136
2916,8062;0,0711173
2917,7705;0,0711773
2918,7346;0,0710163
2919,6990;0,0706823
2920,6631;0,0702307
2921,6274;0,0697083
2922,5916;0,0691466
2923,5559;0,0685635
2924,5200;0,0679687
2925,4844;0,0673684
2926,4485;0,0667688
2927,4128;0,0661757
2928,3770;0,0655944
2929,3413;0,0650298
2930,3054;0,0644856
2931,2698;0,0639639
2932,2339;0,0634643
2933,1982;0,0629836
2934,1624;0,0625168
2935,1267;0,0620585
2936,0908;0,0616036
2937,0552;0,0611478
2938,0193;0,0606865
2938,9836;0,0602154
2939,9478;0,0597321
2940,9121;0,0592378
2941,8762;0,0587385
2942,8406;0,058244
2943,8047;0,0577642
2944,7690;0,057306
2945,7332;0,0568714
2946,6975;0,0564581
2947,6616;0,0560621
2948,6260;0,0556802
2949,5901;0,0553107
2950,5544;0,0549533
2951,5186;0,0546069
2952,4829;0,0542693
2953,4470;0,0539364
2954,4114;0,0536041
2955,3755;0,0532689
2956,3398;0,052929
2957,3040;0,0525842
2958,2683;0,0522346
2959,2324;0,0518805
2960,1968;0,0515221
2961,1609;0,0511597
2962,1252;0,0507949
2963,0894;0,05043
2964,0537;0,0500674
2965,0178;0,049708
2965,9822;0,049351
2966,9463;0,0489937
2967,9106;0,0486335
2968,8748;0,0482692
2969,8391;0,0479026
2970,8032;0,0475378
2971,7676;0,0471798
2972,7317;0,0468332
2973,6960;0,0465004
2974,6602;0,0461819
2975,6245;0,0458768
2976,5886;0,0455846
2977,5530;0,0453065
2978,5171;0,0450456
2979,4814;0,0448054
2980,4456;0,044588
2981,4099;0,0443915
2982,3740;0,0442106
2983,3384;0,0440382
2984,3025;0,0438693
2985,2668;0,0437031
2986,2310;0,0435434
2987,1953;0,0433955
2988,1594;0,0432632
2989,1238;0,0431464
2990,0879;0,0430428
2991,0522;0,0429496
2992,0164;0,0428662
2992,9807;0,0427949
2993,9448;0,0427394
2994,9092;0,0427023
2995,8733;0,0426842
2996,8376;0,0426832
2997,8018;0,0426961
2998,7661;0,0427188
2999,7302;0,042747
3000,6946;0,0427773
3001,6587;0,0428076
3002,6230;0,042838
3003,5872;0,0428701
3004,5515;0,0429054
3005,5156;0,0429428
3006,4800;0,0429786
3007,4441;0,0430077
3008,4084;0,0430268
3009,3726;0,0430378
3010,3369;0,0430475
3011,3010;0,043065
3012,2654;0,0430983
3013,2295;0,0431503
3014,1938;0,0432188
3015,1580;0,0432991
3016,1223;0,0433867
3017,0864;0,0434792
3018,0508;0,0435759
3019,0149;0,0436761
3019,9792;0,0437779
3020,9434;0,043879
3021,9077;0,0439784
3022,8718;0,0440773
3023,8362;0,0441789
3024,8003;0,0442863
3025,7646;0,0444002
3026,7288;0,044518
3027,6931;0,0446349
3028,6572;0,0447471
3029,6216;0,0448534
3030,5857;0,0449559
3031,5500;0,0450592
3032,5142;0,0451687
3033,4785;0,0452889
3034,4426;0,0454227
3035,4070;0,0455706
3036,3711;0,045731
3037,3354;0,0458998
3038,2996;0,0460718
3039,2639;0,0462432
3040,2280;0,0464128
3041,1924;0,0465821
3042,1565;0,0467536
3043,1208;0,0469278
3044,0850;0,0471027
3045,0493;0,0472748
3046,0134;0,0474424
3046,9778;0,0476081
3047,9419;0,0477787
3048,9063;0,0479618
3049,8704;0,0481611
3050,8347;0,048374
3051,7988;0,0485919
3052,7632;0,0488037
3053,7273;0,0490017
3054,6917;0,0491852
3055,6558;0,0493609
3056,6201;0,0495408
3057,5842;0,0497358
3058,5486;0,0499513
3059,5127;0,0501838
3060,4771;0,0504228
3061,4412;0,0506557
3062,4055;0,0508727
3063,3696;0,0510716
3064,3340;0,0512582
3065,2981;0,0514431
3066,2625;0,0516371
3067,2266;0,0518463
3068,1909;0,0520702
3069,1550;0,0523037
3070,1194;0,0525403
3071,0835;0,0527753
3072,0479;0,0530066
3073,0120;0,0532341
3073,9763;0,0534577
3074,9404;0,0536763
3075,9048;0,0538879
3076,8689;0,0540918
3077,8333;0,0542897
3078,7974;0,0544858
3079,7617;0,0546852
3080,7258;0,0548919
3081,6902;0,0551072
3082,6543;0,0553302
3083,6187;0,0555585
3084,5828;0,0557896
3085,5471;0,0560206
3086,5112;0,0562488
3087,4756;0,0564716
3088,4397;0,056688
3089,4041;0,0568997
3090,3682;0,0571113
3091,3325;0,0573283
3092,2966;0,0575545
3093,2610;0,0577907
3094,2251;0,0580339
3095,1895;0,0582795
3096,1536;0,0585232
3097,1179;0,0587619
3098,0820;0,0589945
3099,0464;0,0592211
3100,0105;0,0594437
3100,9749;0,0596662
3101,9390;0,059894
3102,9033;0,0601321
3103,8674;0,0603822
3104,8318;0,0606414
3105,7959;0,0609044
3106,7603;0,061166
3107,7244;0,0614248
3108,6887;0,0616836
3109,6528;0,0619466
3110,6172;0,0622164
3111,5813;0,0624916
3112,5457;0,0627684
3113,5098;0,0630428
3114,4741;0,0633129
3115,4382;0,0635788
3116,4026;0,063841
3117,3667;0,0640997
3118,3311;0,064355
3119,2952;0,064608
3120,2595;0,0648621
3121,2236;0,0651207
3122,1880;0,0653864
3123,1521;0,0656589
3124,1165;0,0659368
3125,0806;0,066219
3126,0449;0,0665058
3127,0090;0,0667977
3127,9734;0,0670932
3128,9375;0,0673882
3129,9019;0,067678
3130,8660;0,0679603
3131,8303;0,0682375
3132,7944;0,0685158
3133,7588;0,0688013
3134,7229;0,069096
3135,6873;0,0693975
3136,6514;0,0697009
3137,6157;0,0700029
3138,5798;0,0703035
3139,5442;0,0706048
3140,5083;0,0709086
3141,4727;0,0712143
3142,4368;0,0715192
3143,4011;0,0718214
3144,3652;0,0721217
3145,3296;0,0724236
3146,2937;0,0727316
3147,2581;0,0730481
3148,2222;0,0733716
3149,1865;0,0736974
3150,1506;0,0740202
3151,1150;0,0743367
3152,0791;0,0746473
3153,0435;0,0749556
3154,0076;0,0752662
3154,9719;0,0755823
3155,9360;0,0759048
3156,9004;0,0762326
3157,8645;0,0765639
3158,8289;0,0768972
3159,7930;0,0772318
3160,7573;0,0775668
3161,7214;0,0779012
3162,6858;0,078234
3163,6499;0,0785646
3164,6143;0,078892
3165,5784;0,0792149
3166,5427;0,0795309
3167,5068;0,0798385
3168,4712;0,0801398
3169,4353;0,080419
3170,3997;0,0807326
3171,3638;0,0810665
3172,3281;0,0814213
3173,2922;0,0817873
3174,2566;0,0821485
3175,2207;0,0824907
3176,1851;0,0828095
3177,1492;0,0831125
3178,1135;0,0834141
3179,0776;0,0837264
3180,0420;0,084052
3181,0061;0,0843838
3181,9705;0,0847113
3182,9346;0,0850278
3183,8989;0,0853351
3184,8630;0,0856413
3185,8274;0,0859561
3186,7915;0,0862847
3187,7559;0,0866259
3188,7200;0,0869742
3189,6843;0,0873227
3190,6484;0,0876664
3191,6128;0,0880019
3192,5769;0,0883274
3193,5413;0,0886414
3194,5054;0,0889437
3195,4697;0,0892368
3196,4338;0,0895258
3197,3982;0,0898177
3198,3623;0,0901194
3199,3267;0,0904345
3200,2908;0,0907628
3201,2551;0,0911002
3202,2192;0,0914401
3203,1836;0,0917756
3204,1477;0,0921006
3205,1121;0,0924127
3206,0762;0,0927128
3207,0405;0,0930053
3208,0046;0,0932954
3208,9690;0,0935864
3209,9331;0,0938794
3210,8975;0,0941741
3211,8616;0,0944718
3212,8259;0,0947757
3213,7900;0,0950889
3214,7544;0,0954106
3215,7185;0,0957335
3216,6829;0,0960464
3217,6470;0,0963407
3218,6113;0,0966164
3219,5754;0,0968834
3220,5398;0,0971564
3221,5039;0,0974456
3222,4683;0,0977513
3223,4324;0,0980652
3224,3967;0,0983771
3225,3608;0,0986817
3226,3252;0,0989811
3227,2893;0,0992807
3228,2537;0,0995844
3229,2178;0,0998909
3230,1821;0,100195
3231,1462;0,100492
3232,1106;0,100778
3233,0747;0,101052
3234,0391;0,101317
3235,0032;0,101574
3235,9675;0,101827
3236,9316;0,102083
3237,8960;0,102353
3238,8601;0,102644
3239,8245;0,102956
3240,7886;0,103281
3241,7529;0,103605
3242,7170;0,103916
3243,6814;0,10421
3244,6455;0,104489
3245,6099;0,104766
3246,5740;0,105049
3247,5383;0,105346
3248,5024;0,105656
3249,4668;0,105973
3250,4309;0,106289
3251,3953;0,106598
3252,3594;0,1069
3253,3237;0,107198
3254,2878;0,107498
3255,2522;0,107805
3256,2163;0,10812
3257,1807;0,108436
3258,1448;0,108745
3259,1091;0,109044
3260,0732;0,109332
3261,0376;0,109615
3262,0017;0,109899
3262,9661;0,110193
3263,9302;0,110496
3264,8945;0,110809
3265,8586;0,111129
3266,8230;0,111452
3267,7871;0,111771
3268,7515;0,112078
3269,7156;0,112359
3270,6799;0,112601
3271,6440;0,112797
3272,6084;0,11295
3273,5725;0,113075
3274,5369;0,113194
3275,5010;0,11333
3276,4653;0,113495
3277,4294;0,113687
3278,3938;0,113895
3279,3579;0,114102
3280,3223;0,114295
3281,2864;0,114468
3282,2507;0,11462
3283,2148;0,114756
3284,1792;0,114882
3285,1433;0,115003
3286,1077;0,115118
3287,0718;0,115229
3288,0361;0,115332
3289,0002;0,115428
3289,9646;0,115518
3290,9287;0,115605
3291,8931;0,115691
3292,8572;0,115776
3293,8215;0,115858
3294,7856;0,115934
3295,7500;0,116001
3296,7141;0,116061
3297,6785;0,116119
3298,6426;0,116183
3299,6069;0,116259
3300,5710;0,11635
3301,5354;0,116455
3302,4995;0,116566
3303,4639;0,116673
3304,4280;0,116766
3305,3923;0,116836
3306,3564;0,116882
3307,3208;0,116907
3308,2849;0,116926
3309,2493;0,116952
3310,2134;0,116996
3311,1777;0,117063
3312,1418;0,117153
3313,1062;0,11726
3314,0703;0,117382
3315,0347;0,117515
3315,9988;0,117657
3316,9631;0,117809
3317,9272;0,11797
3318,8916;0,11814
3319,8557;0,11832
3320,8201;0,118509
3321,7842;0,118706
3322,7485;0,118906
3323,7126;0,119101
3324,6770;0,119282
3325,6411;0,119447
3326,6055;0,119594
3327,5696;0,119731
3328,5339;0,119863
3329,4980;0,12
3330,4624;0,120141
3331,4265;0,12028
3332,3909;0,120408
3333,3550;0,12051
3334,3193;0,120581
3335,2834;0,120618
3336,2478;0,120627
3337,2119;0,120619
3338,1763;0,120597
3339,1404;0,120563
3340,1047;0,120513
3341,0688;0,12044
3342,0332;0,120343
3342,9973;0,120221
3343,9617;0,12008
3344,9258;0,119928
3345,8901;0,11977
3346,8542;0,119614
3347,8186;0,119463
3348,7827;0,119315
3349,7471;0,119163
3350,7112;0,118999
3351,6755;0,118814
3352,6396;0,118605
3353,6040;0,118378
3354,5681;0,118147
3355,5325;0,117927
3356,4966;0,117726
3357,4609;0,117544
3358,4250;0,117372
3359,3894;0,117199
3360,3535;0,117017
3361,3179;0,116828
3362,2820;0,116639
3363,2463;0,116456
3364,2104;0,116282
3365,1748;0,11611
3366,1389;0,115931
3367,1033;0,115735
3368,0674;0,115521
3369,0317;0,115293
3369,9958;0,11506
3370,9602;0,11483
3371,9243;0,114605
3372,8887;0,114386
3373,8528;0,114168
3374,8171;0,11395
3375,7813;0,113733
3376,7456;0,11352
3377,7097;0,113314
3378,6741;0,113113
3379,6382;0,112912
3380,6025;0,1127
3381,5667;0,11247
3382,5310;0,112223
3383,4951;0,111971
3384,4595;0,111731
3385,4236;0,111518
3386,3879;0,111337
3387,3521;0,111176
3388,3164;0,111015
3389,2805;0,110831
3390,2449;0,110616
3391,2090;0,110374
3392,1733;0,110122
3393,1375;0,109876
3394,1018;0,109648
3395,0659;0,109436
3396,0303;0,109232
3396,9944;0,109024
3397,9587;0,108801
3398,9229;0,108561
3399,8872;0,108303
3400,8513;0,108029
3401,8157;0,107746
3402,7798;0,10746
3403,7441;0,107177
3404,7083;0,106902
3405,6726;0,106634
3406,6367;0,106372
3407,6011;0,106108
3408,5652;0,105835
3409,5295;0,105547
3410,4937;0,105238
3411,4580;0,104911
3412,4221;0,104577
3413,3865;0,10425
3414,3506;0,10394
3415,3149;0,103648
3416,2791;0,103361
3417,2434;0,103055
3418,2075;0,102712
3419,1719;0,102326
3420,1360;0,101914
3421,1003;0,101505
3422,0645;0,101127
3423,0288;0,100792
3423,9929;0,100494
3424,9573;0,100208
3425,9214;0,0999104
3426,8857;0,099585
3427,8499;0,0992301
3428,8142;0,0988571
3429,7783;0,0984827
3430,7427;0,0981194
3431,7068;0,0977705
3432,6711;0,0974299
3433,6353;0,0970888
3434,5996;0,0967406
3435,5637;0,0963841
3436,5281;0,0960209
3437,4922;0,0956535
3438,4565;0,0952839
3439,4207;0,0949152
3440,3850;0,0945512
3441,3491;0,0941928
3442,3135;0,0938328
3443,2776;0,0934549
3444,2419;0,0930402
3445,2061;0,0925817
3446,1704;0,092095
3447,1345;0,0916162
3448,0989;0,0911831
3449,0630;0,0908132
3450,0273;0,0904944
3450,9915;0,0901953
3451,9558;0,0898834
3452,9199;0,0895415
3453,8843;0,0891715
3454,8484;0,0887873
3455,8127;0,0884017
3456,7769;0,0880174
3457,7412;0,0876273
3458,7053;0,0872212
3459,6697;0,0867954
3460,6338;0,0863555
3461,5981;0,0859147
3462,5623;0,0854857
3463,5266;0,0850744
3464,4907;0,0846779
3465,4551;0,0842879
3466,4192;0,0838981
3467,3835;0,0835079
3468,3477;0,0831224
3469,3120;0,082746
3470,2761;0,0823762
3471,2405;0,0820033
3472,2046;0,0816171
3473,1689;0,0812169
3474,1331;0,0808163
3475,0974;0,0804349
3476,0615;0,0800832
3477,0259;0,0797504
3477,9900;0,0794071
3478,9543;0,0790219
3479,9185;0,0785836
3480,8828;0,0781122
3481,8469;0,0776498
3482,8113;0,0772334
3483,7754;0,0768704
3484,7397;0,0765352
3485,7039;0,0761881
3486,6682;0,0758011
3487,6323;0,0753748
3488,5967;0,0749374
3489,5608;0,0745241
3490,5251;0,0741539
3491,4893;0,0738174
3492,4536;0,0734856
3493,4177;0,0731305
3494,3821;0,0727463
3495,3462;0,072356
3496,3105;0,0719961
3497,2747;0,0716879
3498,2390;0,0714159
3499,2031;0,0711298
3500,1675;0,0707706
3501,1316;0,0703083
3502,0959;0,069769
3503,0601;0,0692279
3504,0244;0,0687618
3504,9885;0,0683981
3505,9529;0,0681023
3506,9170;0,067808
3507,8813;0,067461
3508,8455;0,0670508
3509,8098;0,0666128
3510,7739;0,0662004
3511,7383;0,065845
3512,7024;0,0655389
3513,6667;0,0652487
3514,6309;0,0649431
3515,5952;0,0646133
3516,5593;0,0642737
3517,5237;0,0639455
3518,4878;0,0636377
3519,4521;0,0633387
3520,4163;0,063025
3521,3806;0,0626767
3522,3447;0,0622904
3523,3091;0,0618773
3524,2732;0,0614499
3525,2375;0,0610103
3526,2017;0,0605528
3527,1660;0,0600799
3528,1301;0,0596152
3529,0945;0,0591989
3530,0586;0,0588632
3531,0229;0,0586085
3531,9871;0,0583986
3532,9514;0,0581765
3533,9155;0,0578917
3534,8799;0,0575251
3535,8440;0,0571009
3536,8083;0,0566756
3537,7725;0,0563082
3538,7368;0,0560299
3539,7009;0,0558306
3540,6653;0,055665
3541,6294;0,0554671
3542,5938;0,0551713
3543,5579;0,0547403
3544,5222;0,0541941
3545,4863;0,0536124
3546,4507;0,0530913
3547,4148;0,0526818
3548,3792;0,0523632
3549,3433;0,052067
3550,3076;0,0517238
3551,2717;0,0513047
3552,2361;0,0508411
3553,2002;0,0504043
3554,1646;0,0500544
3555,1287;0,0497982
3556,0930;0,0495903
3557,0571;0,0493687
3558,0215;0,0490963
3558,9856;0,0487874
3559,9500;0,0484983
3560,9141;0,0482832
3561,8784;0,048144
3562,8425;0,0480072
3563,8069;0,0477391
3564,7710;0,0472036
3565,7354;0,0463688
3566,6995;0,0453972
3567,6638;0,0445679
3568,6279;0,0440553
3569,5923;0,0438308
3570,5564;0,043754
3571,5208;0,043685
3572,4849;0,0435351
3573,4492;0,0432782
3574,4133;0,0429411
3575,3777;0,0425747
3576,3418;0,0422179
3577,3062;0,0418806
3578,2703;0,0415576
3579,2346;0,0412564
3580,1987;0,0410062
3581,1631;0,0408373
3582,1272;0,0407454
3583,0916;0,0406676
3584,0557;0,0404862
3585,0200;0,0400709
3585,9841;0,0393707
3586,9485;0,0385111
3587,9126;0,0377504
3588,8770;0,0372751
3589,8411;0,0370754
3590,8054;0,0370098
3591,7695;0,0369199
3592,7339;0,0366991
3593,6980;0,0363272
3594,6624;0,0358682
3595,6265;0,035415
3596,5908;0,0350139
3597,5549;0,0346439
3598,5193;0,0342635
3599,4834;0,0338726
3600,4478;0,0335293
3601,4119;0,0333051
3602,3762;0,0332197
3603,3403;0,0332177
3604,3047;0,033197
3605,2688;0,0330598
3606,2332;0,0327614
3607,1973;0,0323406
3608,1616;0,0318967
3609,1257;0,0315161
3610,0901;0,0312155
3611,0542;0,0309581
3612,0186;0,0307097
3612,9827;0,0304695
3613,9470;0,0302537
3614,9111;0,0300526
3615,8755;0,0298058
3616,8396;0,0294216
3617,8040;0,0288441
3618,7681;0,0281339
3619,7324;0,0274765
3620,6965;0,0270646
3621,6609;0,0269715
3622,6250;0,0271401
3623,5894;0,0274451
3624,5535;0,027728
3625,5178;0,0277982
3626,4819;0,0274547
3627,4463;0,0266124
3628,4104;0,0254893
3629,3748;0,0245294
3630,3389;0,0240006
3631,3032;0,0238362
3632,2673;0,0238355
3633,2317;0,0238401
3634,1958;0,0237766
3635,1602;0,0236412
3636,1243;0,0234663
3637,0886;0,0232854
3638,0527;0,0231133
3639,0171;0,022955
3639,9812;0,0228264
3640,9456;0,0227642
3641,9097;0,0228108
3642,8740;0,0229838
3643,8381;0,0232469
3644,8025;0,02349
3645,7666;0,0235138
3646,7310;0,0230565
3647,6951;0,0219768
3648,6594;0,0205756
3649,6235;0,0195033
3650,5879;0,0190927
3651,5520;0,0191698
3652,5164;0,0194188
3653,4805;0,0196009
3654,4448;0,0195805
3655,4089;0,0193331
3656,3733;0,0189543
3657,3374;0,0185997
3658,3018;0,0183705
3659,2659;0,0182613
3660,2302;0,0182094
3661,1943;0,01817
3662,1587;0,0181524
3663,1228;0,018203
3664,0872;0,0183518
3665,0513;0,0185664
3666,0156;0,018745
3666,9797;0,0187532
3667,9441;0,0185095
3668,9082;0,0180901
3669,8726;0,0177183
3670,8367;0,0175663
3671,8010;0,0175929
3672,7651;0,0175924
3673,7295;0,0173419
3674,6936;0,0167627
3675,6580;0,0160341
3676,6221;0,0154684
3677,5864;0,0152192
3678,5505;0,0152209
3679,5149;0,0153441
3680,4790;0,0155083
3681,4434;0,0156973
3682,4075;0,01593
3683,3718;0,0162195
3684,3359;0,0165374
3685,3003;0,0167978
3686,2644;0,0168658
3687,2288;0,0166102
3688,1929;0,0160218
3689,1572;0,0153083
3690,1213;0,0147694
3691,0857;0,0145405
3692,0498;0,0145539
3693,0142;0,0146859
3693,9783;0,0148537
3694,9426;0,0150258
3695,9067;0,0151957
3696,8711;0,0153529
3697,8352;0,0154634
3698,7996;0,0154745
3699,7637;0,0153454
3700,7280;0,0150956
3701,6921;0,0148254
3702,6565;0,0146696
3703,6206;0,0147119
3704,5850;0,0149451
3705,5491;0,0152919
3706,5134;0,0156384
3707,4775;0,0158524
3708,4419;0,0158057
3709,4060;0,0154404
3710,3704;0,0148675
3711,3345;0,0143516
3712,2988;0,014106
3713,2629;0,0141454
3714,2273;0,0143614
3715,1914;0,0146393
3716,1558;0,0148986
3717,1199;0,0150898
3718,0842;0,0151908
3719,0483;0,0152078
3720,0127;0,0151676
3720,9768;0,015096
3721,9412;0,0149982
3722,9053;0,0148652
3723,8696;0,0147026
3724,8337;0,014555
3725,7981;0,014492
3726,7622;0,0145674
3727,7266;0,01479
3728,6907;0,0151255
3729,6550;0,0155109
3730,6191;0,0158611
3731,5835;0,0160686
3732,5476;0,0160181
3733,5120;0,0156488
3734,4761;0,0150548
3735,4404;0,0144926
3736,4045;0,0142059
3737,3689;0,014272
3738,3330;0,0146308
3739,2974;0,0151719
3740,2615;0,0157662
3741,2258;0,0162585
3742,1899;0,016484
3743,1543;0,0163627
3744,1184;0,0160244
3745,0828;0,0157469
3746,0469;0,0156946
3747,0112;0,0157975
3747,9753;0,0158465
3748,9397;0,0156316
3749,9038;0,0151018
3750,8682;0,0144873
3751,8323;0,0141268
3752,7966;0,0141358
3753,7607;0,0143895
3754,7251;0,0147067
3755,6892;0,0149428
3756,6536;0,0150116
3757,6177;0,0149095
3758,5820;0,0147282
3759,5461;0,0145993
3760,5105;0,0146006
3761,4746;0,0147215
3762,4390;0,0149008
3763,4031;0,0150738
3764,3674;0,0151949
3765,3315;0,0152411
3766,2959;0,0152038
3767,2600;0,0150806
3768,2244;0,0148798
3769,1885;0,0146381
3770,1528;0,0144266
3771,1169;0,0143243
3772,0813;0,0143729
3773,0454;0,0145554
3774,0098;0,0148068
3774,9739;0,0150392
3775,9382;0,0151676
3776,9023;0,0151435
3777,8667;0,01499
3778,8308;0,0147988
3779,7952;0,0146675
3780,7593;0,0146299
3781,7236;0,0146514
3782,6877;0,0146745
3783,6521;0,0146615
3784,6162;0,0146113
3785,5806;0,0145511
3786,5447;0,014515
3787,5090;0,0145261
3788,4731;0,0145928
3789,4375;0,0147107
3790,4016;0,0148651
3791,3660;0,0150306
3792,3301;0,0151768
3793,2944;0,015283
3794,2585;0,0153552
3795,2229;0,0154266
3796,1870;0,0155282
3797,1514;0,0156471
3798,1155;0,015712
3799,0798;0,0156323
3800,0439;0,0153806
3801,0083;0,015054
3801,9724;0,0148135
3802,9368;0,0147381
3803,9009;0,0147675
3804,8652;0,0147741
3805,8293;0,0146686
3806,7937;0,0144764
3807,7578;0,0143303
3808,7222;0,0143639
3809,6863;0,0146094
3810,6506;0,0149982
3811,6147;0,0154129
3812,5791;0,0157307
3813,5432;0,0158665
3814,5076;0,0158283
3815,4717;0,0157245
3816,4360;0,0156679
3817,4001;0,0156623
3818,3645;0,0156055
3819,3286;0,0153967
3820,2930;0,015048
3821,2571;0,0146991
3822,2214;0,0144952
3823,1855;0,0144725
3824,1499;0,0145745
3825,1140;0,0147269
3826,0784;0,0148798
3827,0425;0,0150143
3828,0068;0,0151328
3828,9709;0,0152454
3829,9353;0,0153612
3830,8994;0,0154885
3831,8638;0,0156364
3832,8279;0,0158063
3833,7922;0,0159752
3834,7563;0,0160852
3835,7207;0,0160579
3836,6848;0,0158435
3837,6492;0,0154762
3838,6133;0,0150758
3839,5776;0,0147641
3840,5417;0,0145851
3841,5061;0,0145091
3842,4702;0,014491
3843,4346;0,0145157
3844,3987;0,0146081
3845,3630;0,0148134
3846,3271;0,0151685
3847,2915;0,0156807
3848,2556;0,0163124
3849,2200;0,0169597
3850,1841;0,0174225
3851,1484;0,0174143
3852,1125;0,0167425
3853,0769;0,0156503
3854,0410;0,0147334
3855,0054;0,0143158
3855,9695;0,0143158
3856,9338;0,0145596
3857,8979;0,0149216
3858,8623;0,0153068
3859,8264;0,0156235
3860,7908;0,0157916
3861,7549;0,0157834
3862,7192;0,0156614
3863,6833;0,0155515
3864,6477;0,0155516
3865,6118;0,0156669
3866,5762;0,0158248
3867,5403;0,0159254
3868,5046;0,0158894
3869,4688;0,0156952
3870,4331;0,0153971
3871,3972;0,0151001
3872,3616;0,0149037
3873,3257;0,0148601
3874,2900;0,0149678
3875,2542;0,0151852
3876,2185;0,0154462
3877,1826;0,0156763
3878,1470;0,0158165
3879,1111;0,0158504
3880,0754;0,0158128
3881,0396;0,0157564
3882,0039;0,0157018
3882,9680;0,0156276
3883,9324;0,0155143
3884,8965;0,0153905
3885,8608;0,0153233
3886,8250;0,0153575
3887,7893;0,0154659
3888,7534;0,0155566
3889,7178;0,0155295
3890,6819;0,0153544
3891,6462;0,0151226
3892,6104;0,0149949
3893,5747;0,0150763
3894,5388;0,0153574
3895,5032;0,0157521
3896,4673;0,016152
3897,4316;0,0164606
3898,3958;0,0166172
3899,3601;0,0166075
3900,3242;0,0164468
3901,2886;0,0161543
3902,2527;0,0157581
3903,2170;0,0153239
3904,1812;0,0149508
3905,1455;0,014718
3906,1096;0,0146428
3907,0740;0,0146898
3908,0381;0,0148065
3909,0024;0,0149503
3909,9666;0,0151011
3910,9309;0,015258
3911,8950;0,015425
3912,8594;0,0155931
3913,8235;0,0157305
3914,7878;0,0157933
3915,7520;0,0157539
3916,7163;0,015632
3917,6804;0,0154939
3918,6448;0,0154103
3919,6089;0,0154078
3920,5732;0,0154584
3921,5374;0,0155053
3922,5017;0,0155006
3923,4658;0,0154374
3924,4302;0,0153567
3925,3943;0,0153188
3926,3586;0,0153576
3927,3228;0,0154584
3928,2871;0,0155675
3929,2512;0,0156215
3930,2156;0,0155807
3931,1797;0,015454
3932,1440;0,0152944
3933,1082;0,0151645
3934,0725;0,0151035
3935,0366;0,0151198
3936,0010;0,0152011
3936,9651;0,0153237
3937,9294;0,0154548
3938,8936;0,0155577
3939,8579;0,0156026
3940,8220;0,0155837
3941,7864;0,0155286
3942,7505;0,0154851
3943,7148;0,0154894
3944,6790;0,0155403
3945,6433;0,0156005
3946,6074;0,0156211
3947,5718;0,015572
3948,5359;0,015462
3949,5002;0,0153343
3950,4644;0,0152378
3951,4287;0,0151971
3952,3928;0,015206
3953,3572;0,0152422
3954,3213;0,0152857
3955,2856;0,0153281
3956,2498;0,0153702
3957,2141;0,0154126
3958,1782;0,0154495
3959,1426;0,0154711
3960,1067;0,0154713
3961,0710;0,0154545
3962,0352;0,0154343
3962,9995;0,0154248
3963,9636;0,0154315
3964,9280;0,0154494
3965,8921;0,0154676
3966,8564;0,0154772
3967,8206;0,0154772
3968,7849;0,0154732
3969,7490;0,0154721
3970,7134;0,0154762
3971,6775;0,0154814
3972,6418;0,0154805
3973,6060;0,0154701
3974,5703;0,0154534
3975,5344;0,0154383
3976,4988;0,0154318
3977,4629;0,0154344
3978,4272;0,0154403
3979,3914;0,015442
3980,3557;0,0154362
3981,3198;0,0154263
3982,2842;0,0154205
3983,2483;0,0154257
3984,2126;0,015443
3985,1768;0,0154671
3986,1411;0,0154906
3987,1052;0,0155082
3988,0696;0,0155189
3989,0337;0,0155244
3989,9980;0,0155255
3990,9622;0,01552
3991,9265;0,015504
3992,8906;0,0154758
3993,8550;0,0154396
3994,8191;0,0154044
3995,7834;0,0153806
3996,7476;0,0153747
3997,7119;0,0153861
3998,6760;0,0154089
3999,6404;0,0154357
4000,6045;0,0153181

##### Extended Information
[Comments]
Sample name
Comment
Username
Division
Organization;UNIVERSIDAD INDUSTRIAL DE SANTANDER

[Detailed Information]
Creation date;5/02/2025 12:08 p. m.

Data array type;Linear data array
Horizontal axis;Wavenumber [cm-1]
Vertical axis;Abs
Start;399,193 cm-1
End;4000,6 cm-1
Data interval;0,964233 cm-1
Data points;3736    

[Measurement Information]
Model name;FT/IR-4X1typeA
Serial No.;A035162111

Accessory;ATR PRO 4X
Accessory S/N;A021162126
Incident angle;45 deg

Measurement date;5/02/2025 12:08 p. m.

Light source;Standard
Detector;TGS
Accumulation;Auto (79)
Resolution;4 cm-1
Zero filling;On
Apodization;Cosine
Gain;Auto (8)
Aperture;Auto (7 mm)
Scan speed;Auto (2 mm/sec)
Filter;Auto (12800 Hz)

